g1 15 96
pins g1 0 10 0 56 0 23 0 4 0 24 0 67 0 6 0 72 0 21 0 70 0 48 0 68 0 47 0 31 0 59 0 13 0 76 0 40 0 77 0 84 0 19 0 86 0 7 0 81 0 2 0 90 0 83 0 20 0 93 0 50 0 95 0 96 15 28 15 7 15 19 15 44 15 22 15 25 15 2 15 20 15 49 15 50 15 13 15 52 15 45 15 54 15 55 15 53 15 35 15 24 15 9 15 17 15 61 15 42 15 63 15 41 15 10 15 26 15 67 15 11 15 34 15 60 15 29 15 72 15 73 15 74 15 66 15 76 15 48 15 57 15 68 15 80 15 43 15 82 15 27 15 38 15 33 15 86 15 71 15 18 15 89 15 90 15 91 15 92 15 75 15 16 15 5 15 96 
g2 40 19
pins g2 0 5 0 3 0 9 0 7 0 6 0 12 0 14 0 15 0 16 0 17 0 8 0 13 40 4 40 3 40 7 40 5 40 1 40 6 40 8 40 12 40 9 40 14 40 10 40 15 40 16 40 18 40 19 
g3 58 69
pins g3 0 48 0 27 0 20 0 18 0 7 0 12 0 28 0 45 0 2 0 29 0 57 0 50 0 61 0 23 0 40 0 51 0 65 0 43 0 34 0 68 0 69 58 1 58 7 58 3 58 11 58 6 58 5 58 12 58 4 58 16 58 17 58 18 58 9 58 20 58 8 58 22 58 10 58 13 58 2 58 26 58 27 58 28 58 29 58 30 58 31 58 32 58 23 58 34 58 35 58 36 58 37 58 15 58 39 58 40 58 24 58 42 58 43 58 44 58 45 58 46 58 47 58 48 58 49 58 50 58 51 58 52 58 53 58 54 58 55 58 41 58 57 58 58 58 56 58 60 58 61 58 62 58 63 58 59 58 65 58 66 58 67 58 38 58 69 
g4 50 58
pins g4 0 24 0 21 0 26 0 4 0 29 0 7 0 28 0 33 0 23 0 30 0 36 0 37 0 5 0 39 0 34 0 3 0 42 0 27 0 6 0 45 0 46 0 47 0 1 0 49 0 2 0 38 0 52 0 25 0 51 0 17 0 56 0 31 0 20 50 19 50 20 50 22 50 8 50 3 50 13 50 37 50 5 50 36 50 27 50 53 50 28 50 55 50 31 50 57 50 58 
g5 49 47
pins g5 0 31 0 15 0 12 0 41 0 16 0 42 0 37 0 30 0 43 0 47 49 2 49 11 49 12 49 9 49 8 49 15 49 14 49 10 49 4 49 18 49 20 49 7 49 13 49 23 49 24 49 25 49 26 49 27 49 19 49 3 49 30 49 31 49 32 49 33 49 34 49 35 49 36 49 37 49 38 49 39 49 29 49 40 49 42 49 41 49 17 49 43 49 5 49 47 
g6 55 20
pins g6 0 4 0 6 0 12 0 11 0 14 0 15 0 1 0 17 0 18 0 8 0 5 55 17 55 18 55 2 55 10 
g7 89 40
pins g7 0 3 0 7 0 4 0 23 0 25 0 8 0 28 0 20 0 19 0 6 0 32 0 33 0 22 0 1 0 29 0 37 0 11 0 36 0 13 89 22 89 17 89 34 89 6 89 36 89 30 89 2 89 11 89 19 
g8 40 93
pins g8 0 17 0 72 0 57 0 16 0 7 0 3 0 33 0 71 0 65 0 23 0 82 0 29 0 84 0 85 0 79 0 80 0 37 0 11 0 26 0 39 0 20 0 22 40 15 40 32 40 9 40 45 40 35 40 36 40 19 40 38 40 34 40 30 40 57 40 52 40 44 40 56 40 39 40 48 40 12 40 16 40 8 40 10 40 67 40 1 40 42 40 70 40 11 40 6 40 13 40 74 40 75 40 20 40 66 40 69 40 79 40 80 40 81 40 21 40 83 40 84 40 85 40 71 40 87 40 58 40 89 40 90 40 91 40 17 40 93 
g9 18 85
pins g9 0 19 0 4 0 16 0 24 0 10 0 21 0 20 0 7 0 22 0 30 0 31 0 15 0 3 0 34 0 35 0 36 0 11 0 5 0 18 0 27 0 28 0 42 0 43 0 44 0 45 0 46 0 47 0 48 0 49 0 50 0 51 0 52 0 53 0 54 0 13 0 14 0 57 0 58 0 59 0 60 0 61 0 62 0 63 0 64 0 65 0 40 0 39 0 68 0 56 0 70 0 71 0 72 0 73 0 74 0 75 0 76 0 77 0 78 0 79 0 80 0 81 0 6 0 83 0 84 0 85 18 8 18 9 18 17 18 23 18 16 18 26 18 12 18 4 18 3 18 39 18 40 18 13 18 42 18 25 18 31 18 45 18 46 18 47 18 1 18 24 18 50 18 51 18 52 18 53 18 27 18 19 18 48 18 33 18 5 18 59 18 32 18 61 18 56 18 63 18 2 18 65 18 66 18 14 18 68 18 69 18 70 18 71 18 6 18 73 18 7 18 60 18 15 18 77 18 78 18 79 18 80 18 81 18 82 18 57 18 28 18 85 
g10 77 46
pins g10 0 27 0 11 0 24 0 30 0 26 0 32 0 19 0 7 0 15 0 9 0 3 0 6 0 18 0 40 0 41 0 10 0 43 0 5 0 42 0 34 77 4 77 5 77 2 77 3 77 8 77 9 77 7 77 11 77 12 77 13 77 14 77 15 77 16 77 17 77 18 77 19 77 20 77 21 77 22 77 23 77 24 77 1 77 26 77 27 77 25 77 29 77 30 77 31 77 32 77 33 77 34 77 35 77 36 77 37 77 38 77 39 77 40 77 41 77 42 77 43 77 44 77 45 77 46 
g11 68 64
pins g11 0 32 0 11 0 46 0 31 0 36 0 43 0 23 0 2 0 44 0 62 0 20 0 59 68 2 68 3 68 4 68 5 68 1 68 7 68 8 68 9 68 6 68 11 68 12 68 13 68 14 68 15 68 16 68 17 68 18 68 19 68 20 68 21 68 22 68 23 68 24 68 25 68 26 68 27 68 28 68 29 68 30 68 31 68 32 68 33 68 34 68 35 68 36 68 37 68 38 68 39 68 40 68 41 68 42 68 43 68 44 68 45 68 46 68 47 68 48 68 49 68 50 68 51 68 52 68 53 68 54 68 55 68 56 68 57 68 58 68 59 68 60 68 61 68 62 68 63 68 64 
g12 15 44
pins g12 0 1 0 2 0 3 0 4 0 5 0 6 0 7 0 8 0 9 0 10 0 11 0 12 0 13 0 14 0 15 0 16 0 17 0 18 0 19 0 20 0 21 0 22 0 23 0 24 0 25 0 26 0 27 0 28 0 29 0 30 0 31 0 32 0 33 0 34 0 35 0 36 0 37 0 38 0 39 0 40 0 41 0 42 0 43 0 44 15 26 15 9 15 1 15 15 15 18 15 33 15 22 15 3 15 20 15 37 15 11 15 39 15 4 15 13 15 42 15 43 15 2 
g13 92 57
pins g13 0 7 0 11 0 9 0 1 0 16 0 2 0 14 0 10 0 17 0 21 0 4 0 5 0 18 0 25 0 26 0 27 0 28 0 29 0 30 0 31 0 32 0 33 0 19 0 34 0 36 0 13 0 35 0 39 0 40 0 41 0 42 0 43 0 44 0 45 0 46 0 47 0 48 0 15 0 50 0 51 0 23 0 53 0 8 0 55 0 54 0 57 92 10 92 6 92 3 92 15 92 17 92 18 92 19 92 2 92 21 92 7 92 23 92 11 92 12 92 4 92 14 92 16 92 29 92 30 92 31 92 32 92 33 92 34 92 8 92 36 92 37 92 5 92 39 92 13 92 41 92 42 92 43 92 44 92 45 92 1 92 47 92 48 92 9 92 50 92 24 92 52 92 53 92 54 92 35 92 56 92 57 
g14 37 95
pins g14 0 12 0 8 0 2 0 6 0 16 0 10 0 15 0 19 0 13 0 14 0 4 0 20 0 24 0 25 0 9 0 27 0 28 0 11 0 18 0 31 0 32 0 33 0 34 0 35 0 36 0 37 0 38 0 39 0 40 0 41 0 42 0 43 0 44 0 45 0 29 0 47 0 48 0 49 0 50 0 51 0 52 0 53 0 54 0 55 0 56 0 57 0 58 0 59 0 3 0 61 0 62 0 63 0 64 0 65 0 66 0 67 0 68 0 69 0 70 0 71 0 72 0 73 0 74 0 75 0 76 0 77 0 78 0 30 0 80 0 81 0 82 0 83 0 84 0 85 0 86 0 87 0 88 0 89 0 90 0 91 0 92 0 93 0 26 0 95 37 15 37 2 37 42 37 73 37 37 37 41 37 48 37 77 37 61 37 78 37 35 37 59 37 80 37 54 37 4 37 85 37 55 37 87 37 7 37 89 37 90 37 43 37 83 37 69 37 49 37 62 
g15 71 38
pins g15 0 7 0 1 0 2 0 6 0 11 0 18 0 26 71 22 71 29 71 17 71 10 71 24 71 9 71 34 71 20 71 33 71 4 71 13 
g16 66 59
pins g16 0 2 0 1 0 4 0 5 0 6 0 7 0 8 0 9 0 10 0 11 0 3 0 12 0 14 0 15 0 16 0 17 0 18 0 19 0 20 0 21 0 22 0 23 0 24 0 25 0 26 0 27 0 28 0 29 0 30 0 31 0 13 0 33 0 34 0 35 0 36 0 37 0 38 0 39 0 40 0 41 0 42 0 43 0 44 0 45 0 46 0 47 0 48 0 49 0 50 0 51 0 52 0 53 0 54 0 55 0 56 0 57 0 58 0 59 66 50 66 56 66 10 
g17 95 82
pins g17 0 23 0 13 0 3 0 20 0 1 0 16 0 19 0 30 0 32 0 18 0 34 0 35 0 36 0 9 0 22 0 24 0 10 0 27 0 37 0 43 0 44 0 38 0 12 0 8 0 48 0 5 0 46 0 2 0 52 0 53 0 54 0 4 0 15 0 57 0 56 0 59 0 51 0 61 0 62 0 63 0 64 0 65 0 47 0 67 0 21 0 69 0 70 0 71 0 7 0 49 0 74 0 45 0 76 0 77 0 78 0 79 0 80 0 6 0 82 95 3 95 1 95 5 95 15 95 6 95 17 95 14 95 19 95 12 95 21 95 20 95 23 95 10 95 16 95 26 95 27 95 28 95 8 95 30 95 2 95 18 95 33 95 34 95 35 95 36 95 37 95 38 95 13 95 40 95 41 95 42 95 43 95 44 95 45 95 46 95 32 95 11 95 49 95 47 95 9 95 52 95 53 95 48 95 55 95 51 95 57 95 54 95 22 95 60 95 61 95 39 95 63 95 64 95 65 95 66 95 62 95 68 95 7 95 70 95 31 95 72 95 73 95 74 95 75 95 76 95 77 95 78 95 67 95 80 95 69 95 82 
g18 50 3
pins g18 0 1 0 2 0 3 50 2 50 3 
g19 85 65
pins g19 0 34 0 1 0 2 0 42 0 32 0 33 0 47 0 27 0 24 0 12 0 3 0 52 0 13 0 54 0 7 0 39 0 56 0 58 0 28 0 43 0 61 0 60 0 50 0 5 0 18 85 9 85 20 85 32 85 16 85 18 85 26 85 27 85 25 85 38 85 28 85 31 85 5 85 19 85 43 85 6 85 15 85 34 85 21 85 17 85 49 85 50 85 51 85 8 85 40 85 54 85 23 85 41 85 57 85 47 85 44 85 4 85 36 85 62 85 63 85 64 85 12 
g20 3 56
pins g20 0 4 0 29 0 35 0 51 0 52 0 14 0 48 0 16 0 18 3 1 3 6 3 3 3 2 3 7 3 10 3 4 3 12 3 13 3 14 3 15 3 16 3 11 3 8 3 19 3 20 3 17 3 22 3 23 3 24 3 5 3 26 3 27 3 28 3 18 3 25 3 31 3 32 3 33 3 34 3 30 3 36 3 29 3 38 3 39 3 9 3 41 3 42 3 21 3 44 3 45 3 46 3 47 3 48 3 49 3 43 3 40 3 52 3 53 3 54 3 55 3 56 
g21 75 49
pins g21 0 2 0 4 0 6 0 7 0 8 0 9 0 10 0 11 0 12 0 13 0 14 0 15 0 16 0 17 0 18 0 19 0 20 0 21 0 22 0 23 0 24 0 1 0 26 0 27 0 28 0 29 0 30 0 31 0 32 0 33 0 34 0 35 0 25 0 37 0 38 0 39 0 40 0 41 0 42 0 43 0 44 0 45 0 46 0 47 0 48 0 49 75 12 75 14 75 5 75 6 75 2 75 13 75 8 75 20 75 9 75 22 75 21 75 16 75 25 75 19 75 27 75 28 75 10 75 30 75 31 75 32 75 33 75 34 75 35 75 26 75 37 75 15 75 39 75 40 75 4 75 24 75 43 75 44 75 45 75 46 75 47 75 48 75 1 
g22 99 73
pins g22 0 22 0 7 0 6 0 11 0 23 0 3 0 14 0 20 0 15 0 35 0 36 0 37 0 38 0 39 0 29 0 5 0 13 0 8 0 44 0 40 0 46 0 47 0 32 0 49 0 50 0 17 0 52 0 30 0 16 0 55 0 56 0 57 0 45 0 4 0 60 0 61 0 62 0 63 0 64 0 65 0 25 0 67 0 68 0 69 0 70 0 2 0 72 0 19 99 1 99 2 99 4 99 3 99 6 99 7 99 8 99 9 99 10 99 11 99 12 99 13 99 14 99 15 99 16 99 17 99 18 99 5 99 20 99 21 99 22 99 23 99 24 99 25 99 26 99 27 99 28 99 29 99 30 99 31 99 32 99 33 99 34 99 19 99 36 99 37 99 35 99 39 99 40 99 41 99 42 99 43 99 44 99 45 99 46 99 47 99 48 99 49 99 50 99 51 99 52 99 53 99 54 99 55 99 56 99 57 99 58 99 59 99 60 99 61 99 62 99 63 99 64 99 65 99 66 99 67 99 68 99 69 99 70 99 71 99 72 99 73 
g23 23 65
pins g23 0 10 0 17 0 12 0 1 0 18 0 19 0 13 0 11 0 24 0 25 0 23 0 27 0 9 0 28 0 30 0 31 0 32 0 14 0 7 0 35 0 36 0 21 0 38 0 22 0 16 0 41 0 8 0 39 0 44 0 45 0 46 0 47 0 48 0 49 0 50 0 51 0 52 0 53 0 15 0 55 0 56 0 57 0 58 0 40 0 60 0 6 0 62 0 59 0 64 0 65 23 12 
g24 6 42
pins g24 0 12 0 30 0 20 0 8 6 14 6 34 6 23 6 21 6 4 6 3 6 30 6 32 6 12 6 36 
g25 94 27
pins g25 0 2 0 5 0 3 0 6 0 8 0 9 0 10 0 11 0 12 0 13 0 14 0 15 0 16 0 1 0 18 0 19 0 20 0 21 0 22 0 23 0 24 0 25 0 26 0 27 94 1 94 6 94 9 
g26 67 88
pins g26 0 5 0 6 0 3 0 1 0 9 0 10 0 7 0 4 0 13 0 14 0 12 0 16 0 17 0 18 0 19 0 20 0 21 0 15 0 23 0 24 0 25 0 26 0 27 0 28 0 2 0 30 0 31 0 32 0 33 0 8 0 35 0 36 0 37 0 38 0 39 0 40 0 41 0 42 0 43 0 44 0 45 0 46 0 47 0 48 0 49 0 50 0 51 0 52 0 53 0 54 0 55 0 56 0 57 0 58 0 34 0 60 0 61 0 62 0 63 0 64 0 65 0 66 0 67 0 68 0 69 0 70 0 71 0 72 0 73 0 74 0 75 0 76 0 77 0 78 0 79 0 80 0 81 0 82 0 83 0 84 0 85 0 86 0 87 0 88 67 10 67 8 67 63 67 64 67 6 67 54 67 7 67 43 67 48 67 47 67 24 67 15 67 5 67 16 67 23 67 19 67 77 67 34 67 74 67 75 67 78 67 32 67 36 67 2 67 33 67 13 67 49 67 80 
g27 44 51
pins g27 0 10 0 28 0 21 0 3 0 44 0 18 0 49 44 2 44 8 44 1 44 4 44 7 44 11 44 15 44 17 44 18 44 14 44 20 44 21 44 22 44 23 44 6 44 25 44 26 44 27 44 28 44 16 44 3 44 31 44 32 44 33 44 5 44 35 44 36 44 37 44 38 44 39 44 10 44 41 44 42 44 43 44 34 44 45 44 13 44 47 44 48 44 49 44 50 44 40 
g28 23 49
pins g28 0 40 0 37 0 11 0 27 0 46 0 4 0 48 0 15 23 22 23 11 23 16 23 38 23 15 23 26 23 24 23 23 23 12 23 3 23 8 23 27 23 20 23 48 23 30 
g29 22 16
pins g29 0 10 0 11 0 12 0 6 0 14 0 15 0 16 22 11 22 8 22 14 22 13 22 16 
g30 18 64
pins g30 0 7 0 5 0 11 0 18 0 22 0 9 0 16 0 21 0 25 0 10 0 28 0 19 0 20 0 24 0 32 0 33 0 3 0 35 0 17 0 37 0 38 0 27 0 40 0 41 0 42 0 39 0 44 0 45 0 46 0 47 0 4 0 48 0 50 0 43 0 52 0 53 0 13 0 55 0 23 0 34 0 58 0 59 0 60 0 61 0 15 0 63 0 51 18 5 18 3 18 8 18 6 18 13 18 12 18 15 18 7 18 16 18 4 18 2 18 10 18 21 18 22 18 23 18 24 18 25 18 26 18 19 18 28 18 14 18 30 18 31 18 32 18 17 18 9 18 35 18 36 18 33 18 38 18 18 18 40 18 41 18 42 18 43 18 44 18 45 18 46 18 47 18 48 18 49 18 50 18 51 18 20 18 53 18 54 18 55 18 56 18 57 18 58 18 59 18 60 18 61 18 62 18 1 18 64 
g31 60 98
pins g31 0 15 0 26 0 20 0 23 0 11 0 29 0 18 0 16 0 33 0 5 0 35 0 36 0 25 0 1 0 39 0 40 0 41 0 10 0 2 0 37 0 45 0 17 0 47 0 24 0 49 0 50 0 4 0 52 0 8 0 54 0 55 0 46 0 57 0 58 0 21 0 22 0 19 0 62 0 63 0 38 0 65 0 9 0 67 0 68 0 69 0 34 0 71 0 72 0 48 0 28 0 14 0 76 0 64 0 78 0 79 0 80 0 42 0 82 0 81 0 60 0 85 0 86 0 44 0 88 0 89 0 90 0 91 0 92 0 30 0 94 0 95 0 96 0 97 0 98 60 4 60 12 60 3 60 8 60 34 60 47 60 1 60 48 60 6 60 51 60 52 60 53 60 32 60 55 60 56 60 41 60 28 60 14 60 39 60 25 60 59 60 63 60 64 60 21 60 13 60 42 60 68 60 36 60 70 60 49 60 72 60 50 60 31 60 54 60 76 60 19 60 78 60 57 60 23 60 81 60 33 60 66 60 84 60 18 60 86 60 15 60 88 60 89 60 29 60 11 60 92 60 43 60 61 60 9 60 96 60 97 60 62 
g32 17 31
pins g32 0 13 0 8 0 1 0 4 0 17 0 6 0 19 0 18 0 21 0 12 0 14 0 15 0 25 0 26 0 27 0 28 0 5 0 30 0 31 17 14 17 20 17 19 17 11 17 9 17 4 17 10 17 2 17 28 17 24 17 1 17 6 
g33 85 19
pins g33 0 7 0 6 0 8 0 2 0 9 0 14 0 16 0 17 0 13 0 4 85 4 85 3 85 5 85 12 85 13 85 14 85 15 85 9 85 17 85 8 85 19 
g34 9 20
pins g34 0 8 0 5 0 1 0 2 0 12 0 10 0 14 0 16 0 17 0 9 0 19 0 3 9 1 9 3 9 8 9 5 9 10 9 7 9 12 9 13 9 14 9 15 9 16 9 17 9 11 9 18 9 20 
g35 46 50
pins g35 0 2 0 6 0 1 0 3 0 4 0 10 0 11 0 7 0 13 0 9 0 15 0 8 0 17 0 18 0 19 0 20 0 21 0 22 0 23 0 24 0 25 0 26 0 27 0 28 0 29 0 30 0 16 0 32 0 33 0 34 0 35 0 36 0 37 0 38 0 39 0 40 0 41 0 42 0 43 0 44 0 45 0 46 0 47 0 31 0 49 0 50 46 7 46 3 46 10 46 12 46 5 46 1 46 15 46 14 46 17 46 18 46 4 46 20 46 19 46 22 46 13 46 2 46 25 46 24 46 26 46 28 46 29 46 9 46 31 46 23 46 6 46 34 46 16 46 36 46 37 46 38 46 39 46 40 46 41 46 42 46 43 46 44 46 45 46 46 46 47 46 48 46 49 46 50 
g36 37 86
pins g36 0 9 0 8 0 33 0 23 0 11 0 10 0 24 0 31 0 7 0 30 0 43 0 34 0 35 0 37 0 18 0 48 0 6 0 50 0 51 0 47 0 53 0 54 0 55 0 56 0 1 0 58 0 59 0 38 0 61 0 62 0 63 0 57 0 44 0 66 0 3 0 19 0 69 0 28 0 17 0 72 0 73 0 74 0 75 0 76 0 46 0 20 0 79 0 80 0 81 0 82 0 5 0 84 0 85 0 86 37 4 37 41 37 18 37 29 37 38 37 1 37 39 37 9 37 53 37 49 37 24 37 12 37 57 37 20 37 50 37 60 37 61 37 52 37 63 37 58 37 44 37 64 37 25 37 31 37 56 37 70 37 10 37 23 37 73 37 2 37 33 37 13 37 77 37 74 37 62 37 22 37 81 37 43 37 83 37 46 37 85 37 15 
g37 48 81
pins g37 0 18 0 10 0 19 0 6 0 13 0 5 0 8 0 15 0 21 0 27 0 9 0 29 0 12 0 31 0 28 0 11 0 25 0 7 0 36 0 1 0 4 0 22 0 40 0 35 0 42 0 43 0 17 0 30 0 46 0 32 0 2 0 38 0 44 0 26 0 52 0 53 0 33 0 41 0 56 0 57 0 20 0 59 0 60 0 61 0 62 0 14 0 64 0 65 0 66 0 67 0 68 0 69 0 70 0 71 0 45 0 73 0 48 0 75 0 54 0 39 0 78 0 79 0 80 0 81 48 48 48 15 48 54 48 30 48 34 48 65 48 64 
g38 77 51
pins g38 0 2 0 13 0 18 0 7 0 6 0 9 0 1 0 24 0 17 0 26 0 21 0 4 0 25 0 30 0 31 0 15 0 16 0 20 0 35 0 11 0 5 0 36 0 39 0 40 0 41 0 42 0 43 0 44 0 23 0 46 0 22 0 48 0 8 0 50 0 51 77 26 77 24 77 5 77 23 77 17 77 9 77 32 77 33 77 15 77 35 77 14 77 11 77 1 77 39 77 40 77 41 77 42 77 43 77 7 77 25 77 12 77 47 77 48 77 3 77 50 77 51 
g39 9 81
pins g39 0 35 0 30 0 37 0 23 0 9 0 7 0 12 0 59 0 65 0 10 0 1 0 25 0 44 0 53 0 20 0 72 0 71 0 74 0 27 0 22 0 3 0 78 0 28 0 76 0 5 9 24 9 22 9 44 9 51 9 58 9 31 9 34 9 13 9 63 9 7 9 42 9 20 9 49 9 57 9 69 9 21 9 1 9 56 9 73 9 74 9 8 9 35 9 2 9 67 9 26 9 4 9 30 
g40 17 90
pins g40 0 2 0 15 0 6 0 12 0 36 0 19 0 38 0 43 0 42 0 16 0 20 0 30 0 48 0 24 0 27 0 34 0 37 0 53 0 9 0 55 0 46 0 57 0 4 0 14 0 35 0 61 0 62 0 63 0 59 0 65 0 56 0 67 0 68 0 39 0 23 0 28 0 49 0 73 0 47 0 75 0 76 0 64 0 78 0 18 0 80 0 81 0 82 0 17 0 84 0 85 0 86 0 87 0 69 0 89 0 90 17 49 17 60 17 50 17 17 17 5 17 2 17 14 17 19 17 27 17 67 17 20 17 69 17 64 17 40 17 48 17 59 17 23 17 39 17 26 17 22 17 78 17 34 17 84 17 55 17 65 17 57 17 8 17 45 17 21 
g41 41 39
pins g41 0 16 0 17 0 30 0 1 0 32 0 6 0 7 0 10 0 38 0 26 41 19 41 11 41 15 41 8 41 5 41 17 41 27 41 10 41 28 41 30 41 2 41 13 41 31 41 34 41 35 41 16 41 18 41 38 41 39 
g42 68 10
pins g42 0 4 0 5 0 6 0 7 0 8 0 3 0 10 68 1 68 3 68 4 68 5 68 6 68 7 68 8 68 9 68 10 
g43 73 48
pins g43 0 26 0 13 0 14 0 35 0 24 0 30 0 10 0 39 0 15 0 5 0 42 0 37 0 44 0 9 0 32 0 18 0 48 73 22 73 29 73 17 73 32 73 30 73 11 73 8 73 9 73 24 73 26 73 16 73 40 73 6 73 42 73 35 73 44 73 18 73 46 73 47 73 48 
g44 23 92
pins g44 0 83 0 3 0 25 0 76 0 50 0 33 0 54 0 92 23 74 23 47 23 55 23 62 23 64 23 45 23 56 23 29 23 63 23 10 23 11 23 89 23 3 23 77 
g45 61 86
pins g45 0 63 0 46 0 8 0 66 0 56 0 24 0 16 0 79 0 83 0 69 0 19 0 29 61 14 61 27 61 30 61 17 61 37 61 48 61 9 61 13 61 23 61 36 61 11 61 54 61 44 61 49 61 57 61 38 61 45 61 46 61 25 61 35 61 18 61 64 61 33 61 40 61 3 61 24 61 4 61 59 61 7 61 72 61 73 61 65 61 75 61 29 61 22 61 55 61 79 61 80 61 81 61 82 61 83 61 84 61 85 61 86 
g46 42 17
pins g46 0 11 0 7 0 3 0 10 0 17 42 1 42 11 42 8 42 4 42 14 42 16 42 2 
g47 50 68
pins g47 0 19 0 7 0 17 0 36 0 39 0 16 0 13 0 35 0 31 0 2 0 53 0 6 0 55 0 40 0 57 0 23 0 54 0 56 0 21 0 33 0 50 0 48 0 3 0 66 0 11 0 38 50 23 50 35 50 47 50 31 50 54 50 32 50 53 50 19 50 49 50 1 50 39 50 42 50 55 50 52 50 6 50 60 50 50 50 41 50 3 
g48 79 69
pins g48 0 46 0 53 79 5 79 13 79 2 79 20 79 11 79 4 79 22 79 14 79 25 79 23 79 27 79 6 79 29 79 30 79 31 79 32 79 33 79 34 79 35 79 36 79 19 79 28 79 39 79 40 79 26 79 15 79 21 79 44 79 45 79 24 79 12 79 7 79 49 79 50 79 51 79 52 79 17 79 38 79 55 79 56 79 57 79 58 79 59 79 60 79 61 79 41 79 63 79 18 79 65 79 66 79 67 79 68 79 47 
g49 39 85
pins g49 0 9 0 11 0 12 0 27 0 25 0 24 0 21 0 20 0 32 0 29 0 34 0 4 0 33 0 16 0 37 0 39 0 10 0 41 0 30 0 43 0 17 0 45 0 46 0 47 0 38 0 49 0 5 0 51 0 52 0 53 0 54 0 55 0 35 0 57 0 58 0 59 0 60 0 26 0 7 0 63 0 3 0 65 0 66 0 67 0 68 0 69 0 70 0 71 0 72 0 73 0 74 0 31 0 76 0 77 0 14 0 79 0 22 0 81 0 82 0 83 0 84 0 56 39 7 39 29 39 64 39 65 39 40 39 34 39 38 39 59 39 17 39 51 39 66 39 26 39 68 39 4 39 23 39 79 39 80 39 77 39 13 39 83 39 84 39 1 
g50 92 43
pins g50 0 17 0 2 0 5 0 6 0 3 0 27 0 28 0 23 0 34 0 43 92 31 
g51 52 33
pins g51 0 9 0 6 0 11 0 3 0 21 0 32 0 33 52 11 52 13 52 9 52 18 52 12 52 17 52 1 52 22 52 23 52 8 52 25 52 16 52 7 52 27 52 28 52 30 52 24 52 5 52 33 
g52 15 88
pins g52 0 1 0 9 0 8 0 15 0 16 0 12 0 14 0 3 0 20 0 4 0 21 0 11 0 24 0 23 0 26 0 27 0 18 0 5 0 28 0 31 0 32 0 33 0 34 0 35 0 2 0 29 0 38 0 37 0 40 0 13 0 7 0 43 0 44 0 45 0 46 0 47 0 19 0 49 0 50 0 51 0 52 0 53 0 54 0 55 0 56 0 57 0 58 0 59 0 60 0 61 0 62 0 63 0 64 0 6 0 66 0 67 0 68 0 69 0 30 0 71 0 72 0 22 0 74 0 39 0 76 0 77 0 78 0 79 0 80 0 81 0 82 0 83 0 70 0 85 0 86 0 87 0 88 15 22 15 2 15 6 15 38 15 33 15 27 15 26 15 41 15 10 15 47 15 18 15 16 15 42 15 15 15 25 15 21 15 3 15 55 15 56 15 43 15 58 15 44 15 37 15 28 15 62 15 63 15 64 15 29 15 66 15 30 15 68 15 17 15 70 15 71 15 72 15 53 15 34 15 75 15 76 15 77 15 40 15 79 15 80 15 81 15 69 15 1 15 84 15 85 15 86 15 87 15 88 
g53 34 55
pins g53 0 1 0 15 0 19 0 30 0 27 0 31 0 34 0 6 0 13 0 4 0 11 0 8 0 42 0 28 0 25 0 21 0 44 0 47 0 20 0 2 0 39 0 51 0 23 0 46 0 29 0 32 34 20 34 14 34 21 34 8 34 5 34 13 34 10 34 18 34 22 34 33 34 34 34 25 34 6 34 1 34 38 34 2 34 11 34 41 34 28 34 43 34 36 34 45 34 40 34 31 34 42 34 49 34 15 34 27 34 52 34 53 34 30 34 7 
g54 63 75
pins g54 0 1 0 4 0 15 0 14 0 3 0 20 0 18 0 27 0 30 0 12 0 37 0 38 0 28 0 40 0 41 0 11 0 23 0 44 0 17 0 22 0 47 0 48 0 49 0 29 0 45 0 52 0 31 0 9 0 55 0 56 0 57 0 21 0 42 0 60 0 61 0 6 0 13 0 46 0 54 0 43 0 67 0 68 0 26 0 51 0 71 0 69 0 73 0 74 0 16 63 11 63 43 63 8 63 3 63 46 63 9 63 49 63 12 63 2 63 26 63 1 63 23 63 29 63 14 63 58 63 30 63 15 63 24 63 62 63 63 63 16 63 42 63 66 63 67 63 68 63 35 63 70 63 52 63 31 63 25 63 74 63 75 
g55 15 61
pins g55 0 8 0 15 0 12 0 10 0 18 0 19 0 17 0 4 0 22 0 23 0 24 0 16 0 26 0 27 0 28 0 1 0 30 0 31 0 29 0 33 0 34 0 13 0 36 0 37 0 38 0 39 0 40 0 41 0 42 0 43 0 44 0 3 0 46 0 47 0 48 0 49 0 50 0 51 0 20 0 53 0 54 0 55 0 56 0 57 0 58 0 59 0 2 0 61 15 3 15 4 15 1 15 6 15 2 15 5 15 9 15 10 15 11 15 12 15 8 15 14 15 15 15 16 15 17 15 18 15 19 15 20 15 21 15 22 15 7 15 23 15 25 15 26 15 24 15 28 15 29 15 30 15 31 15 27 15 33 15 34 15 35 15 36 15 37 15 38 15 39 15 40 15 41 15 42 15 32 15 44 15 45 15 46 15 47 15 48 15 49 15 50 15 51 15 52 15 53 15 54 15 55 15 56 15 57 15 58 15 59 15 60 15 61 
g56 12 14
pins g56 0 7 0 1 0 5 0 10 0 8 0 12 0 9 0 3 12 1 12 3 12 6 12 7 12 5 12 9 12 10 12 11 12 12 12 13 12 14 
g57 54 91
pins g57 0 8 0 12 0 24 0 19 0 40 0 16 0 54 0 53 0 27 0 48 0 30 0 55 0 35 0 45 0 26 0 64 0 59 0 18 0 67 0 44 0 65 0 17 0 57 0 2 0 50 0 20 0 75 0 14 0 21 0 47 0 79 0 23 0 80 0 82 0 43 0 6 0 31 0 86 0 87 0 42 0 89 0 10 0 81 54 4 54 25 54 58 54 23 54 37 54 80 54 55 54 41 54 74 54 71 54 91 
g58 73 38
pins g58 0 6 0 12 0 15 0 1 0 3 0 4 0 21 0 8 0 10 0 24 0 13 0 19 0 7 0 17 0 29 0 27 0 5 0 32 0 33 0 14 0 35 0 9 0 31 0 30 73 1 73 3 73 6 73 9 73 10 73 11 73 12 73 2 73 14 73 13 73 4 73 17 73 18 73 19 73 20 73 5 73 22 73 23 73 24 73 25 73 26 73 27 73 28 73 29 73 30 73 31 73 32 73 33 73 16 73 35 73 36 73 37 73 38 
g59 58 51
pins g59 0 1 0 2 0 3 0 4 0 5 0 6 0 7 0 8 0 9 0 10 0 11 0 12 0 13 0 14 0 15 0 16 0 17 0 18 0 19 0 20 0 21 0 22 0 23 0 24 0 25 0 26 0 27 0 28 0 29 0 30 0 31 0 32 0 33 0 34 0 35 0 36 0 37 0 38 0 39 0 40 0 41 0 42 0 43 0 44 0 45 0 46 0 47 0 48 0 49 0 50 0 51 58 1 58 8 58 11 58 15 58 16 58 4 58 7 58 3 58 5 58 21 58 20 58 17 58 24 58 25 58 10 58 19 58 26 58 29 58 30 58 14 58 32 58 33 58 34 58 35 58 36 58 37 58 38 58 39 58 2 58 41 58 42 58 43 58 44 58 23 58 46 58 47 58 48 58 49 58 50 58 9 
g60 42 86
pins g60 0 74 0 67 0 24 42 36 42 8 42 60 42 14 42 12 42 33 42 58 42 17 42 18 42 3 42 65 42 63 42 61 42 5 42 75 42 53 42 77 42 69 42 62 42 71 42 44 42 2 42 25 42 45 42 80 42 86 
g61 47 96
pins g61 0 31 0 37 0 14 0 10 0 69 0 28 0 41 0 44 0 51 0 32 0 33 0 40 0 50 0 39 0 26 0 38 0 45 0 82 0 64 0 84 0 13 0 86 0 63 0 19 0 11 0 55 0 30 0 92 0 8 0 16 0 36 0 4 47 3 47 2 47 6 47 7 47 8 47 9 47 10 47 11 47 12 47 13 47 14 47 15 47 16 47 17 47 18 47 19 47 20 47 4 47 22 47 23 47 1 47 25 47 26 47 27 47 28 47 29 47 5 47 30 47 32 47 33 47 34 47 35 47 36 47 37 47 38 47 39 47 40 47 41 47 42 47 43 47 44 47 45 47 46 47 47 47 48 47 49 47 50 47 51 47 52 47 53 47 54 47 55 47 56 47 57 47 58 47 59 47 24 47 61 47 62 47 63 47 64 47 65 47 66 47 67 47 68 47 69 47 70 47 71 47 72 47 73 47 74 47 75 47 76 47 77 47 78 47 79 47 80 47 81 47 82 47 83 47 84 47 85 47 86 47 87 47 88 47 89 47 90 47 91 47 92 47 93 47 94 47 95 47 96 
g62 17 64
pins g62 0 48 0 15 0 1 0 39 0 35 0 37 0 6 0 53 0 27 0 51 0 42 0 59 0 21 0 61 0 40 0 41 0 26 17 31 17 35 17 12 17 3 17 17 17 19 17 5 17 24 17 7 17 25 17 38 17 55 17 10 17 49 17 14 17 30 17 37 17 16 17 41 17 52 17 2 
g63 19 93
pins g63 0 69 19 38 19 54 19 37 19 8 19 42 19 20 19 19 19 71 19 60 19 48 19 5 19 21 19 46 19 68 19 47 19 61 19 17 19 88 19 89 19 90 19 45 19 92 19 91 
g64 5 84
pins g64 0 20 0 30 0 12 0 13 0 26 0 25 0 51 0 23 0 53 0 54 0 1 0 33 0 43 0 40 0 42 0 7 0 6 0 37 0 44 0 36 0 65 0 15 0 59 0 3 0 69 0 64 0 2 0 52 0 32 0 74 0 75 0 70 0 63 0 78 0 61 0 41 0 81 0 57 0 56 0 22 5 38 5 28 5 63 5 19 5 20 5 48 5 26 5 35 5 36 5 70 5 71 5 57 5 16 5 14 5 64 5 6 5 76 5 74 5 65 5 47 5 81 5 82 5 83 5 84 
wire g11.p13 g20.p1
wire g10.p60 g20.p5
wire g1.p51 g5.p2
wire g48.p19 g40.p36
wire g33.p12 g27.p1
wire g6.p12 g30.p32
wire g58.p35 g43.p6
wire g42.p9 g55.p12
wire g52.p105 g36.p32
wire g31.p131 g55.p30
wire g33.p12 g57.p2
wire g11.p56 g31.p40
wire g57.p51 g14.p7
wire g64.p64 g9.p10
wire g39.p44 g55.p6
wire g12.p56 g38.p13
wire g37.p71 g53.p10
wire g9.p114 g39.p21
wire g42.p11 g12.p40
wire g44.p19 g24.p3
wire g39.p33 g61.p16
wire g48.p54 g60.p3
wire g13.p76 g23.p23
wire g31.p114 g17.p7
wire g45.p27 g8.p16
wire g64.p56 g20.p7
wire g37.p68 g43.p4
wire g11.p53 g60.p2
wire g39.p36 g21.p36
wire g42.p14 g64.p13
wire g36.p96 g20.p3
wire g63.p16 g45.p1
wire g63.p7 g58.p2
wire g16.p59 g10.p5
wire g37.p65 g8.p17
wire g55.p71 g25.p9
wire g3.p59 g44.p2
wire g51.p20 g20.p4
wire g23.p51 g57.p21
wire g31.p115 g15.p3
wire g46.p8 g6.p1
wire g31.p129 g62.p14
wire g8.p53 g64.p36
wire g51.p26 g11.p11
wire g26.p111 g48.p1
wire g36.p74 g28.p7
wire g15.p11 g18.p1
wire g52.p93 g32.p6
wire g12.p53 g24.p1
wire g38.p57 g54.p45
wire g9.p111 g38.p33
wire g15.p8 g33.p3
wire g2.p20 g28.p4
wire g28.p21 g26.p34
wire g39.p49 g5.p3
wire g64.p63 g27.p5
wire g60.p23 g24.p2
wire g8.p25 g3.p17
wire g47.p35 g31.p14
wire g12.p48 g56.p7
wire g15.p9 g62.p4
wire g2.p15 g52.p60
wire g36.p55 g32.p4
wire g14.p99 g27.p2
wire g7.p27 g53.p7
wire g62.p32 g8.p3
wire g14.p91 g45.p3
wire g39.p49 g34.p2
wire g19.p44 g59.p16
wire g47.p41 g23.p12
wire g16.p59 g32.p9
wire g58.p26 g19.p7
wire g40.p67 g18.p2
wire g40.p56 g12.p19
wire g26.p111 g31.p23
wire g18.p5 g46.p4
wire g29.p10 g8.p8
wire g55.p76 g40.p3
wire g7.p27 g8.p4
wire g3.p55 g49.p38
wire g44.p19 g17.p3
wire g60.p5 g5.p7
wire g50.p11 g47.p14
wire g19.p52 g60.p1
wire g47.p36 g63.p1
wire g22.p63 g8.p21
wire g42.p8 g31.p16
wire g46.p9 g3.p13
wire g58.p44 g2.p2
wire g44.p13 g19.p15
wire g28.p10 g53.p2
wire g1.p45 g37.p11
wire g3.p35 g34.p10
wire g56.p16 g21.p5
wire g29.p10 g48.p2
wire g6.p13 g35.p27
wire g59.p57 g21.p39
wire g59.p75 g49.p18
wire g17.p74 g25.p17
wire g22.p113 g28.p3
wire g13.p74 g43.p10
wire g57.p50 g62.p9
wire g42.p16 g22.p2
wire g41.p21 g52.p58
wire g61.p87 g30.p36
wire g42.p12 g32.p12
wire g43.p19 g64.p35
wire g29.p9 g11.p9
wire g53.p37 g55.p4
wire g19.p56 g61.p32
wire g20.p29 g18.p3
wire g47.p37 g13.p4
wire g21.p78 g4.p15
wire g7.p24 g52.p63
wire g5.p41 g6.p6
wire g59.p74 g34.p1
wire g32.p25 g17.p27
wire g29.p10 g2.p10
wire g26.p98 g10.p13
wire g38.p41 g46.p3
wire g48.p33 g32.p15
wire g50.p11 g42.p6
wire g11.p27 g13.p34
wire g23.p51 g42.p4
wire g15.p8 g43.p16
wire g1.p86 g31.p43
wire g57.p49 g32.p17
wire g52.p92 g22.p11
wire g1.p43 g52.p15
wire g16.p60 g12.p41
wire g27.p16 g24.p4
wire g43.p32 g45.p11
wire g37.p69 g32.p11
wire g33.p14 g10.p9
wire g32.p29 g55.p34
wire g3.p66 g56.p3
wire g17.p75 g5.p9
wire g37.p69 g15.p1
wire g59.p58 g56.p1
wire g42.p14 g36.p41
wire g28.p17 g16.p33
wire g27.p41 g44.p5
wire g24.p10 g54.p26
wire g6.p15 g61.p15
wire g24.p6 g56.p2
wire g37.p66 g28.p1
wire g10.p44 g53.p9
wire g1.p80 g13.p11
wire g48.p28 g33.p6
wire g25.p27 g61.p26
wire g17.p92 g19.p11
wire g1.p66 g50.p9
wire g11.p67 g50.p5
wire g35.p76 g30.p25
wire g39.p36 g16.p37
wire g12.p61 g20.p8
wire g7.p24 g13.p30
wire g27.p8 g20.p9
wire g2.p26 g37.p36
wire g6.p14 g59.p17
wire g58.p29 g41.p3
wire g37.p68 g42.p7
wire g4.p45 g54.p10
wire g24.p11 g34.p9
wire g52.p109 g13.p13
wire g63.p7 g7.p7
wire g62.p23 g43.p2
wire g24.p11 g49.p26
wire g54.p80 g61.p23
wire g52.p89 g37.p25
wire g24.p12 g5.p10
wire g19.p31 g25.p10
wire g56.p13 g25.p24
wire g4.p39 g49.p48
wire g10.p44 g27.p6
wire g4.p48 g34.p5
wire g27.p46 g53.p6
wire g56.p10 g35.p21
wire g27.p20 g32.p8
wire g29.p11 g51.p2
wire g14.p88 g62.p8
wire g34.p16 g25.p11
wire g20.p33 g38.p1
wire g2.p26 g7.p9
wire g7.p28 g41.p1
wire g21.p47 g35.p2
wire g22.p79 g36.p10
wire g49.p80 g30.p45
wire g49.p68 g54.p16
wire g53.p39 g32.p7
wire g35.p86 g49.p61
wire g48.p26 g31.p41
wire g25.p27 g54.p21
wire g35.p68 g25.p19
wire g1.p72 g51.p5
wire g49.p83 g34.p3
wire g23.p51 g37.p12
wire g29.p8 g1.p28
wire g4.p49 g35.p31
wire g18.p5 g38.p11
