g1 4 13 5
pins g1 0 2 0 1 0 7 0 4 0 9 0 8 0 11 0 10 0 13 4 5 4 3 4 1 4 10 4 11 4 6 4 13 
g2 86 98 3
pins g2 0 2 0 5 0 1 0 9 0 10 0 11 0 12 0 13 0 6 0 15 0 16 0 17 0 18 0 19 0 20 0 21 0 22 0 23 0 24 0 25 0 26 0 4 0 28 0 7 0 30 0 31 0 32 0 33 0 34 0 35 0 36 0 37 0 38 0 39 0 40 0 41 0 42 0 27 0 44 0 45 0 46 0 47 0 48 0 49 0 50 0 29 0 52 0 43 0 54 0 55 0 56 0 51 0 58 0 59 0 60 0 61 0 62 0 63 0 64 0 65 0 66 0 67 0 68 0 69 0 8 0 71 0 72 0 73 0 74 0 75 0 76 0 77 0 70 0 79 0 80 0 81 0 82 0 83 0 57 0 3 0 86 0 87 0 88 0 89 0 90 0 91 0 92 0 93 0 94 0 95 0 96 0 97 0 53 86 48 86 6 86 47 86 37 86 53 86 22 86 8 86 4 86 42 86 28 86 44 86 30 86 24 86 58 86 10 86 64 86 33 86 57 86 67 86 13 86 18 86 70 86 54 86 72 86 12 86 1 86 25 86 71 86 7 86 78 86 79 86 80 86 52 86 35 86 2 86 82 86 85 86 86 86 74 86 88 86 3 86 51 86 83 86 45 86 16 86 91 86 60 86 26 86 94 86 98 
g3 30 82 1
pins g3 0 15 0 1 0 3 0 2 0 19 0 11 0 17 0 22 0 13 0 16 0 8 0 26 0 27 0 24 0 29 0 14 0 7 0 32 0 33 0 34 0 35 0 5 0 31 0 9 0 39 0 40 0 21 0 42 0 43 0 18 0 41 0 44 0 38 0 23 0 49 0 50 0 37 0 52 0 53 0 54 0 55 0 56 0 57 0 58 0 59 0 60 0 61 0 62 0 63 0 64 0 65 0 66 0 67 0 68 0 69 0 25 0 71 0 28 0 73 0 74 0 75 0 76 0 77 0 78 0 79 0 80 0 6 0 48 30 36 30 42 30 53 30 15 30 37 30 59 30 10 30 14 30 13 30 21 30 66 30 67 30 28 30 2 30 70 30 54 30 78 30 27 30 31 30 30 30 46 
g4 50 60 2
pins g4 0 13 0 14 0 6 0 12 0 1 0 15 0 18 0 27 0 36 0 37 0 8 0 3 0 40 0 20 0 28 0 42 0 26 0 45 0 34 0 19 0 48 0 7 0 9 0 25 0 52 0 38 0 54 0 30 0 23 0 31 0 58 0 17 0 60 50 27 50 36 50 24 50 4 50 19 50 14 50 56 50 48 50 52 50 46 50 20 
g5 58 79 3
pins g5 0 5 0 28 0 26 0 21 0 29 0 4 0 27 0 35 0 2 0 46 0 22 0 9 0 33 0 45 0 6 0 52 0 30 0 54 0 55 0 56 0 57 0 39 0 47 0 60 0 61 0 20 0 1 0 64 0 65 0 66 0 67 0 40 0 59 0 34 0 69 0 11 0 73 0 17 0 24 0 63 0 70 0 78 0 79 58 6 58 27 58 32 58 30 58 44 58 42 58 35 58 41 58 17 58 21 58 3 58 51 58 16 58 58 58 53 58 5 58 46 58 59 58 63 58 66 58 37 58 9 58 10 58 70 58 45 58 72 58 60 58 20 58 29 58 76 58 77 58 57 58 79 
g6 16 5 3
pins g6 0 1 0 3 0 5 16 1 16 3 16 2 
g7 36 60 2
pins g7 0 8 0 9 0 13 0 19 0 6 0 15 0 16 0 11 0 2 0 26 0 27 0 14 0 18 0 30 0 31 0 17 0 33 0 29 0 12 0 34 0 37 0 38 0 4 0 25 0 41 0 42 0 43 0 23 0 35 0 46 0 47 0 48 0 49 0 24 0 51 0 52 0 53 0 54 0 55 0 56 0 57 0 58 0 59 0 60 36 5 36 2 36 4 36 9 36 7 36 8 36 12 36 15 36 16 36 17 36 18 36 6 36 11 36 21 36 22 36 1 36 24 36 3 36 26 36 27 36 28 36 29 36 19 36 31 36 32 36 25 36 14 36 35 36 33 36 37 36 20 36 39 36 40 36 41 36 42 36 43 36 44 36 45 36 46 36 47 36 48 36 49 36 50 36 51 36 52 36 53 36 54 36 55 36 56 36 57 36 23 36 59 36 60 
g8 91 64 1
pins g8 0 2 0 4 0 6 0 3 0 8 0 10 0 12 0 5 0 14 0 11 0 16 0 17 0 18 0 15 0 20 0 21 0 22 0 23 0 24 0 25 0 26 0 7 0 13 0 29 0 30 0 31 0 32 0 33 0 1 0 35 0 36 0 37 0 28 0 39 0 40 0 38 0 42 0 43 0 44 0 45 0 46 0 47 0 48 0 49 0 50 0 51 0 41 0 53 0 54 0 55 0 56 0 57 0 58 0 59 0 60 0 61 0 62 0 63 0 64 91 9 91 3 91 12 91 13 91 16 91 22 91 2 91 6 91 25 91 1 91 5 91 28 91 17 91 30 91 15 91 32 91 29 91 34 91 33 91 36 91 37 91 38 91 39 91 10 91 41 91 42 91 11 91 44 91 27 91 46 91 47 91 48 91 49 91 14 91 51 91 52 91 53 91 54 91 55 91 20 91 4 91 31 91 59 91 60 91 61 91 62 91 23 91 57 
g9 67 31 2
pins g9 0 5 0 19 0 23 0 22 0 7 0 26 0 3 0 6 0 13 0 27 0 29 67 5 67 6 67 8 67 22 67 25 67 26 67 14 67 12 67 13 67 30 67 23 
g10 81 62 2
pins g10 0 30 0 54 0 23 0 11 0 62 81 16 81 4 81 3 81 11 81 23 81 7 81 5 81 25 81 28 81 26 81 31 81 19 81 6 81 8 81 35 81 36 81 37 81 38 81 1 81 40 81 2 81 13 81 39 81 15 81 45 81 46 81 21 81 48 81 29 81 50 81 51 81 52 81 27 81 54 81 55 81 32 81 57 81 22 81 59 81 47 81 61 81 62 
g11 31 37 2
pins g11 0 2 0 7 0 6 0 8 0 10 0 1 0 4 0 13 0 9 0 15 0 16 0 17 0 18 0 14 0 20 0 21 0 22 0 23 0 3 0 19 0 24 0 27 0 28 0 29 0 25 0 31 0 32 0 33 0 34 0 35 0 36 0 37 31 7 31 9 31 20 31 22 31 10 31 1 31 25 31 13 31 27 31 2 31 6 31 30 31 3 31 8 31 33 31 34 31 35 31 36 31 4 
g12 57 92 4
pins g12 0 5 0 12 0 13 0 7 0 9 0 16 0 4 0 15 0 17 0 19 0 21 0 2 0 18 0 24 0 25 0 26 0 10 0 28 0 29 0 30 0 31 0 32 0 33 0 34 0 35 0 36 0 37 0 38 0 39 0 40 0 41 0 20 0 43 0 44 0 3 0 46 0 47 0 48 0 49 0 50 0 51 0 52 0 53 0 54 0 55 0 45 0 57 0 58 0 59 0 60 0 14 0 1 0 63 0 64 0 65 0 66 0 23 0 68 0 69 0 70 0 71 0 27 0 73 0 74 0 75 0 76 0 77 0 78 0 79 0 80 0 81 0 22 0 83 0 84 0 85 0 86 0 87 0 88 0 89 0 90 0 91 0 92 57 13 57 11 57 7 57 4 57 17 57 18 57 2 57 5 57 21 57 22 57 19 57 23 57 25 57 8 57 27 57 28 57 6 57 30 57 31 57 32 57 33 57 34 57 26 57 36 57 37 57 35 57 24 57 9 57 41 57 42 57 43 57 44 57 14 57 38 57 47 57 29 57 49 57 50 57 51 57 52 57 53 57 54 57 55 57 56 57 40 57 58 57 59 57 60 57 61 57 62 57 63 57 64 57 16 57 57 57 67 57 68 57 69 57 70 57 71 57 72 57 73 57 74 57 75 57 76 57 77 57 78 57 79 57 80 57 81 57 82 57 12 57 84 57 85 57 86 57 1 57 88 57 89 57 90 57 91 57 92 
g13 61 51 5
pins g13 0 32 0 9 0 36 0 16 0 17 0 20 0 44 0 33 0 19 0 37 0 10 0 3 0 35 61 18 61 2 61 23 61 20 61 28 61 39 61 8 61 33 61 6 61 17 61 15 61 16 61 46 61 47 61 48 61 21 61 50 61 51 
g14 10 7 5
pins g14 0 2 0 6 10 2 10 5 10 7 
g15 69 51 2
pins g15 0 1 0 3 0 4 0 5 0 6 0 7 0 8 0 9 0 10 0 11 0 12 0 13 0 14 0 15 0 16 0 17 0 18 0 19 0 20 0 21 0 22 0 2 0 23 0 25 0 26 0 27 0 28 0 29 0 30 0 31 0 32 0 33 0 34 0 35 0 36 0 37 0 38 0 39 0 40 0 41 0 42 0 43 0 44 0 45 0 46 0 47 0 48 0 49 0 50 0 51 69 1 69 5 69 7 69 8 69 9 69 4 69 11 69 12 69 10 69 14 69 15 69 16 69 17 69 18 69 19 69 20 69 13 69 22 69 23 69 24 69 25 69 26 69 27 69 28 69 29 69 30 69 31 69 32 69 33 69 34 69 35 69 36 69 2 69 21 69 39 69 40 69 41 69 42 69 43 69 44 69 45 69 46 69 47 69 6 69 49 69 50 69 37 
g16 54 58 2
pins g16 0 12 0 20 0 28 0 1 0 45 0 38 0 44 0 46 0 24 0 25 0 18 0 47 0 8 0 54 0 4 0 56 0 2 0 16 54 20 54 23 54 9 54 15 54 5 54 17 54 28 54 7 54 16 54 31 54 18 54 8 54 33 54 13 54 12 54 37 54 38 54 3 54 2 54 1 54 36 54 34 54 44 54 29 54 4 54 47 54 48 54 6 54 45 54 39 54 49 54 26 54 54 54 55 54 10 54 57 54 58 
g17 45 28 1
pins g17 0 13 0 5 0 15 0 4 0 18 0 24 0 23 0 19 0 27 0 28 45 4 45 6 45 3 45 1 45 9 45 10 45 11 45 7 45 8 45 14 45 2 45 16 45 17 45 18 45 19 45 20 45 21 45 22 45 23 45 24 45 25 45 26 45 27 45 28 
g18 25 91 2
pins g18 0 11 0 7 0 10 0 6 0 14 0 16 0 8 0 19 0 20 0 21 0 17 0 9 0 24 0 22 0 26 0 27 0 28 0 29 0 15 0 31 0 32 0 33 0 34 0 4 0 36 0 37 0 30 0 39 0 40 0 41 0 42 0 35 0 44 0 13 0 12 0 47 0 18 0 49 0 50 0 25 0 52 0 53 0 48 0 55 0 56 0 57 0 58 0 59 0 60 0 38 0 62 0 63 0 64 0 65 0 66 0 1 0 68 0 69 0 70 0 71 0 72 0 73 0 74 0 75 0 76 0 77 0 2 0 79 0 80 0 81 0 82 0 83 0 84 0 54 0 86 0 78 0 88 0 89 0 90 0 91 25 31 25 26 25 14 25 74 25 50 25 27 25 25 25 24 25 39 25 60 25 57 25 13 25 11 25 73 25 6 25 88 25 33 
g19 91 42 5
pins g19 0 1 0 2 0 3 0 4 0 5 0 6 0 7 0 8 0 9 0 10 0 11 0 12 0 13 0 14 0 15 0 16 0 17 0 18 0 19 0 20 0 21 0 22 0 23 0 24 0 25 0 26 0 27 0 28 0 29 0 30 0 31 0 32 0 33 0 34 0 35 0 36 0 37 0 38 0 39 0 40 0 41 0 42 91 33 91 24 91 27 91 30 91 36 91 9 91 15 91 40 91 10 91 2 
g20 2 2 2
pins g20 0 1 0 2 2 1 2 2 
g21 26 60 4
pins g21 0 23 0 6 0 7 0 16 0 35 0 20 0 4 0 39 0 41 0 8 0 43 0 29 0 31 0 11 0 27 0 32 0 42 0 17 0 51 0 14 0 25 0 54 0 12 0 18 0 57 0 40 0 59 0 58 26 27 26 20 26 52 26 10 26 48 26 3 26 44 26 9 26 58 26 32 26 23 
g22 40 62 5
pins g22 0 6 0 9 0 8 0 12 0 15 0 11 0 7 0 2 0 20 0 21 0 22 0 23 0 24 0 18 0 26 0 19 0 10 0 29 0 1 0 31 0 13 0 30 0 34 0 35 0 36 0 37 0 32 0 39 0 14 0 40 0 42 0 43 0 44 0 3 0 46 0 47 0 48 0 49 0 27 0 51 0 52 0 53 0 54 0 55 0 50 0 5 0 56 0 59 0 60 0 61 0 62 40 37 40 1 40 41 40 16 40 33 40 44 40 4 40 3 40 35 40 48 40 22 40 42 40 51 40 47 40 24 40 23 40 55 40 56 40 57 40 14 40 53 40 60 40 12 40 62 
g23 25 59 1
pins g23 0 12 0 10 0 6 0 3 0 11 0 19 0 16 0 20 0 22 0 8 0 5 0 9 0 23 0 27 0 28 0 29 0 18 0 25 0 32 0 33 0 34 0 35 0 30 0 37 0 2 0 39 0 40 0 41 0 42 0 43 0 44 0 31 0 38 0 47 0 13 0 49 0 50 0 17 0 52 0 24 0 54 0 55 0 21 0 57 0 58 0 46 25 15 25 39 25 36 25 31 25 9 25 23 25 7 25 50 25 8 25 2 25 28 25 4 25 13 25 20 25 57 25 14 25 44 
g24 3 85 2
pins g24 0 20 0 54 0 19 0 37 0 70 0 58 0 61 0 35 0 13 0 47 0 5 0 79 0 26 0 81 0 55 0 29 0 1 0 85 3 18 3 7 3 21 3 8 3 5 3 15 3 28 3 20 3 29 3 19 3 32 3 27 3 2 3 35 3 36 3 37 3 38 3 34 3 40 3 41 3 42 3 23 3 44 3 3 3 22 3 39 3 4 3 49 3 43 3 51 3 52 3 53 3 54 3 26 3 56 3 57 3 58 3 59 3 60 3 47 3 31 3 63 3 61 3 65 3 62 3 50 3 64 3 69 3 70 3 71 3 11 3 73 3 74 3 75 3 76 3 25 3 45 3 79 3 80 3 81 3 82 3 83 3 84 3 85 
g25 30 16 5
pins g25 0 2 0 3 0 4 0 5 0 6 0 7 0 8 0 9 0 10 0 11 0 12 0 13 0 14 0 15 0 16 30 7 30 3 30 10 30 5 30 13 30 14 30 6 
g26 9 27 5
pins g26 0 6 0 10 0 4 0 13 0 11 0 15 0 16 0 3 0 17 0 14 0 20 0 21 0 22 0 23 0 24 0 25 0 26 0 2 9 1 9 6 9 8 9 12 9 13 9 14 9 9 9 2 9 17 9 18 9 19 9 4 9 21 9 22 9 11 9 24 9 23 9 26 9 27 
g27 31 33 2
pins g27 0 7 0 5 0 1 0 24 0 25 0 9 0 27 0 18 0 8 0 11 0 21 0 12 0 29 31 6 31 7 31 3 31 4 31 1 31 11 31 8 31 12 31 16 31 5 31 18 31 15 31 20 31 21 31 22 31 19 31 24 31 25 31 26 31 14 31 10 31 29 31 30 31 31 31 32 31 33 
g28 11 63 2
pins g28 0 1 0 2 0 3 0 4 0 5 0 6 0 7 0 8 0 9 0 10 0 11 0 12 0 13 0 14 0 15 0 16 0 17 0 18 0 19 0 20 0 21 0 22 0 23 0 24 0 25 0 26 0 27 0 28 0 29 0 30 0 31 0 32 0 33 0 34 0 35 0 36 0 37 0 38 0 39 0 40 0 41 0 42 0 43 0 44 0 45 0 46 0 47 0 48 0 49 0 50 0 51 0 52 0 53 0 54 0 55 0 56 0 57 0 58 0 59 0 60 0 61 0 62 0 63 11 9 11 7 11 5 11 12 11 10 11 8 11 15 11 16 11 14 11 18 11 19 11 11 11 21 11 22 11 23 11 24 11 25 11 26 11 27 11 28 11 29 11 30 11 31 11 32 11 20 11 1 11 35 11 4 11 37 11 6 11 39 11 40 11 41 11 42 11 33 11 44 11 45 11 17 11 47 11 48 11 49 11 50 11 51 11 43 11 53 11 54 11 55 11 56 11 57 11 58 11 46 11 59 11 13 11 62 11 63 
g29 56 4 4
pins g29 0 2 56 1 
g30 38 1 4
pins g30 0 1 38 1 
g31 71 95 2
pins g31 0 1 0 6 0 5 0 8 0 9 0 10 0 4 0 12 0 13 0 14 0 2 0 16 0 17 0 3 0 19 0 20 0 15 0 22 0 23 0 24 0 25 0 26 0 27 0 28 0 29 0 30 0 31 0 7 0 33 0 34 0 35 0 36 0 37 0 38 0 39 0 40 0 41 0 42 0 11 0 44 0 21 0 46 0 47 0 48 0 49 0 50 0 51 0 52 0 53 0 54 0 55 0 56 0 57 0 58 0 59 0 60 0 61 0 62 0 45 0 64 0 65 0 66 0 67 0 68 0 69 0 43 0 71 0 32 0 73 0 74 0 75 0 76 0 77 0 78 0 79 0 80 0 81 0 82 0 83 0 84 0 85 0 86 0 87 0 88 0 89 0 90 0 91 0 92 0 93 0 94 0 95 71 5 71 8 71 2 71 4 71 6 71 9 71 10 71 14 71 15 71 11 71 17 71 18 71 19 71 20 71 21 71 22 71 23 71 24 71 25 71 26 71 27 71 28 71 29 71 3 71 31 71 16 71 33 71 34 71 1 71 36 71 37 71 38 71 35 71 40 71 41 71 42 71 43 71 44 71 45 71 46 71 47 71 48 71 49 71 50 71 51 71 52 71 53 71 54 71 32 71 56 71 57 71 58 71 30 71 60 71 12 71 62 71 63 71 64 71 65 71 66 71 67 71 68 71 69 71 70 71 39 71 72 71 13 71 74 71 75 71 76 71 77 71 78 71 79 71 80 71 81 71 82 71 83 71 84 71 85 71 73 71 87 71 88 71 89 71 90 71 91 71 92 71 93 71 94 71 7 
g32 85 50 2
pins g32 0 9 0 1 0 38 0 49 0 14 85 19 85 2 85 18 85 13 85 9 85 17 85 6 85 36 85 4 85 16 85 8 85 21 85 22 85 44 85 38 85 20 85 25 85 40 85 45 
g33 5 17 3
pins g33 0 1 0 2 0 3 0 5 0 6 0 7 0 8 0 9 0 10 0 11 0 12 0 13 0 14 0 15 0 16 0 17 5 4 5 3 5 7 5 8 5 2 5 10 5 1 5 12 5 11 5 13 5 15 5 16 5 17 
g34 4 5 3
pins g34 0 2 4 3 4 4 4 5 
g35 1 83 4
pins g35 0 2 0 4 0 5 0 1 0 7 0 3 0 9 0 10 0 11 0 12 0 13 0 14 0 15 0 16 0 17 0 18 0 19 0 20 0 21 0 22 0 23 0 24 0 25 0 26 0 27 0 28 0 29 0 30 0 31 0 32 0 33 0 34 0 35 0 36 0 37 0 38 0 39 0 40 0 41 0 42 0 43 0 44 0 45 0 46 0 47 0 48 0 49 0 50 0 51 0 8 0 53 0 54 0 55 0 56 0 57 0 58 0 52 0 60 0 61 0 62 0 63 0 64 0 65 0 66 0 67 0 68 0 69 0 70 0 71 0 72 0 73 0 74 0 75 0 76 0 59 0 78 0 79 0 80 0 81 0 82 0 83 1 35 1 17 1 71 1 82 1 8 
g36 69 81 1
pins g36 0 2 0 6 0 8 0 3 0 10 0 11 0 12 0 4 0 14 0 9 0 16 0 17 0 18 0 19 0 20 0 21 0 22 0 7 0 24 0 23 0 26 0 27 0 28 0 29 0 30 0 31 0 32 0 33 0 34 0 35 0 36 0 37 0 38 0 39 0 40 0 41 0 42 0 43 0 44 0 45 0 46 0 5 0 48 0 49 0 25 0 51 0 52 0 53 0 54 0 55 0 47 0 13 0 58 0 59 0 60 0 61 0 57 0 63 0 56 0 65 0 66 0 67 0 68 0 69 0 70 0 71 0 72 0 73 0 74 0 75 0 76 0 77 0 78 0 79 0 15 0 81 69 1 69 8 69 22 69 16 69 18 69 25 69 11 69 20 69 27 69 29 69 24 69 31 69 32 69 5 69 34 69 35 69 13 69 28 69 36 69 19 69 40 69 41 69 7 69 43 69 9 69 21 69 46 69 17 69 48 69 49 69 44 69 51 69 42 69 53 69 6 69 50 69 56 69 57 69 58 69 59 69 54 69 14 69 62 69 63 69 64 69 65 69 66 69 39 69 68 69 69 69 70 69 3 69 72 69 73 69 74 69 75 69 55 69 38 69 47 69 79 69 80 69 81 
g37 77 36 5
pins g37 0 9 0 16 0 18 0 5 0 19 0 12 0 7 0 15 0 20 0 13 0 21 0 30 0 6 0 11 0 27 0 34 0 35 0 29 77 9 77 2 77 23 77 18 77 34 77 3 77 31 
g38 2 99 1
pins g38 0 1 0 3 0 4 0 2 0 5 0 7 0 8 0 9 0 10 0 11 0 6 0 13 0 14 0 15 0 16 0 17 0 18 0 19 0 20 0 21 0 22 0 23 0 24 0 25 0 26 0 27 0 28 0 29 0 30 0 31 0 32 0 33 0 34 0 35 0 36 0 37 0 38 0 39 0 40 0 41 0 42 0 43 0 44 0 45 0 46 0 47 0 48 0 49 0 50 0 51 0 52 0 53 0 54 0 55 0 56 0 57 0 58 0 59 0 60 0 61 0 62 0 63 0 64 0 65 0 66 0 67 0 68 0 69 0 70 0 12 0 71 0 73 0 74 0 75 0 76 0 77 0 78 0 79 0 80 0 81 0 82 0 83 0 84 0 85 0 86 0 87 0 88 0 89 0 90 0 91 0 92 0 93 0 94 0 95 0 96 0 97 0 98 0 99 2 34 2 20 2 3 2 42 2 13 2 33 2 9 2 23 2 21 2 35 2 47 2 26 2 50 2 38 2 43 2 4 2 12 2 58 2 7 2 18 2 55 2 52 2 57 2 53 2 6 2 30 2 67 2 68 2 31 2 27 2 54 2 72 2 73 2 19 2 75 2 76 2 45 2 28 2 79 2 80 2 61 2 82 2 51 2 84 2 8 2 25 2 87 2 88 2 65 2 90 2 91 2 92 2 86 2 63 2 95 2 74 2 22 2 77 2 99 
g39 94 90 3
pins g39 0 66 0 58 0 81 0 2 0 64 0 11 0 39 0 77 0 86 0 65 0 14 0 9 94 1 94 59 94 38 94 74 94 33 94 71 94 4 94 78 94 31 94 62 94 43 94 35 94 83 94 84 94 17 94 22 94 87 94 26 94 42 94 65 
g40 34 41 3
pins g40 0 15 0 24 0 25 0 1 0 10 0 38 0 5 0 40 0 20 34 20 34 7 34 3 34 13 34 27 34 26 34 9 34 34 
g41 79 8 4
pins g41 0 2 0 4 0 8 79 6 79 3 
g42 81 13 2
pins g42 0 1 0 2 0 3 0 4 0 5 0 6 0 7 0 8 0 9 0 10 0 11 0 12 0 13 81 5 81 10 81 8 81 13 
g43 40 21 4
pins g43 0 18 0 19 0 8 0 21 40 2 40 1 40 7 40 4 40 6 40 11 40 12 40 13 40 14 40 5 40 8 40 17 40 18 40 19 40 20 40 16 
g44 61 86 1
pins g44 0 5 0 53 0 38 0 64 0 62 0 42 0 77 0 15 0 33 0 20 0 81 0 82 0 8 0 32 0 72 0 16 61 24 61 5 61 13 61 16 61 20 61 41 61 14 61 12 61 22 61 45 61 26 61 35 61 48 61 21 61 8 61 23 61 49 61 6 61 54 61 39 61 56 61 57 61 11 61 59 61 60 61 61 61 53 61 43 61 64 61 65 61 66 61 67 61 38 61 1 61 70 61 19 61 72 61 73 61 74 61 75 61 32 61 77 61 4 61 47 61 78 61 34 61 82 61 83 61 79 61 85 61 86 
g45 78 44 1
pins g45 0 5 0 2 0 16 0 17 0 18 0 19 0 15 0 21 0 22 0 14 0 24 0 4 0 10 0 3 0 12 0 25 0 30 0 11 0 32 0 33 0 34 0 35 0 36 0 37 0 38 0 7 0 8 0 41 0 13 0 43 0 44 78 4 78 8 78 15 78 9 78 17 78 14 78 18 78 16 78 1 78 20 78 23 78 2 78 25 78 26 78 27 78 7 78 29 78 3 78 13 78 32 78 33 78 5 78 35 78 36 78 37 78 31 78 39 78 34 78 41 78 42 78 28 78 38 
g46 7 42 3
pins g46 0 10 0 3 0 19 0 7 0 14 0 20 0 6 0 23 0 25 0 8 0 16 0 9 0 29 0 28 0 31 0 27 0 30 0 2 0 35 0 36 0 37 0 38 0 39 0 40 0 13 0 42 7 5 7 1 7 12 7 11 7 16 7 14 7 24 7 25 7 7 7 26 7 28 7 27 7 17 7 2 7 29 7 23 7 34 7 20 7 36 7 37 7 13 7 15 7 40 7 19 7 42 
g47 61 13 1
pins g47 0 1 0 2 0 3 0 4 0 5 0 6 0 7 0 8 0 9 0 10 0 11 0 12 0 13 61 1 61 2 61 3 61 4 61 5 61 6 61 7 61 8 61 9 61 10 61 11 61 12 61 13 
g48 82 75 3
pins g48 0 55 0 50 0 32 82 1 82 5 82 6 82 4 82 3 82 9 82 10 82 11 82 8 82 13 82 14 82 15 82 16 82 7 82 18 82 19 82 20 82 21 82 22 82 23 82 24 82 25 82 26 82 27 82 28 82 29 82 30 82 31 82 32 82 2 82 34 82 35 82 36 82 37 82 33 82 39 82 40 82 41 82 38 82 43 82 44 82 45 82 46 82 12 82 48 82 49 82 50 82 51 82 52 82 53 82 54 82 55 82 56 82 57 82 58 82 59 82 60 82 61 82 62 82 17 82 64 82 65 82 66 82 67 82 68 82 69 82 47 82 71 82 72 82 73 82 74 82 75 
g49 27 86 4
pins g49 0 19 0 17 0 3 0 16 0 12 0 26 0 7 0 28 0 9 0 24 0 31 0 14 0 32 0 21 0 11 0 25 0 37 0 38 0 27 0 5 0 20 0 42 0 41 0 15 0 45 0 10 0 47 0 48 0 40 0 50 0 1 0 22 0 53 0 54 0 55 0 29 0 52 0 36 0 2 0 60 0 61 0 4 0 63 0 64 0 44 0 66 0 67 0 68 0 69 0 51 0 57 0 71 0 73 0 74 0 75 0 70 0 77 0 78 0 79 0 58 0 18 0 23 0 72 0 84 0 85 0 86 27 21 27 35 27 13 27 14 27 33 27 3 27 5 27 49 27 6 27 60 27 8 27 29 27 55 27 48 27 20 27 47 27 67 27 54 27 46 27 70 27 71 27 72 27 25 27 74 27 52 27 76 27 17 27 57 27 43 27 80 27 81 27 75 27 10 27 51 27 28 27 53 
g50 74 96 2
pins g50 0 47 0 40 0 12 0 48 0 46 0 2 0 5 0 37 0 35 0 45 0 64 0 25 0 6 0 26 0 56 0 65 0 39 0 41 0 72 0 8 0 50 0 63 0 13 0 1 0 70 0 62 0 20 0 75 0 82 0 17 0 18 0 85 0 86 0 11 0 88 0 89 0 3 0 49 0 42 0 87 0 94 0 77 0 96 74 17 74 31 74 11 74 1 74 3 74 18 74 12 74 20 74 33 74 45 74 13 74 32 74 40 74 49 74 50 74 42 74 29 74 30 74 2 74 55 74 56 74 57 74 7 74 8 74 19 74 60 74 41 74 35 74 14 74 62 74 66 74 54 74 68 74 67 74 59 74 21 74 71 74 73 74 38 74 75 74 25 74 77 74 78 74 22 74 80 74 81 74 82 74 83 74 39 74 85 74 86 74 44 74 23 74 51 74 90 74 91 74 92 74 88 74 94 74 84 74 96 
g51 8 33 3
pins g51 0 18 0 10 8 5 8 11 8 3 8 16 8 7 8 9 8 19 8 6 8 2 8 1 8 12 8 24 8 25 8 26 8 20 8 27 8 13 8 14 8 31 8 32 8 30 
g52 23 90 4
pins g52 0 5 0 23 0 22 0 25 0 21 0 26 0 24 0 3 0 31 0 4 0 28 0 8 0 2 0 38 0 37 0 40 0 41 0 42 0 14 0 39 0 45 0 46 0 47 0 48 0 49 0 44 0 51 0 52 0 53 0 6 0 55 0 56 0 57 0 50 0 58 0 60 0 13 0 12 0 63 0 64 0 65 0 20 0 15 0 68 0 69 0 59 0 34 0 72 0 73 0 32 0 1 0 76 0 77 0 78 0 79 0 80 0 66 0 82 0 30 0 84 0 85 0 86 0 16 0 83 0 89 0 90 23 1 23 4 23 33 23 18 23 12 23 25 23 29 23 26 23 22 23 42 23 32 23 47 23 48 23 6 23 50 23 51 23 34 23 7 23 46 23 55 23 40 23 14 23 27 23 5 23 23 23 58 23 62 23 45 23 60 23 65 23 2 23 67 23 68 23 10 23 70 23 21 23 72 23 24 23 74 23 75 23 76 23 20 23 63 23 61 23 80 23 81 23 82 23 83 23 84 23 85 23 86 23 87 23 19 23 89 23 90 
g53 72 63 3
pins g53 0 8 0 18 0 9 0 3 0 2 0 11 0 23 0 19 0 25 0 26 0 22 0 16 0 29 0 30 0 1 0 32 0 33 0 6 0 10 0 7 0 37 0 38 0 28 0 40 0 41 0 34 0 43 0 44 0 45 0 46 0 20 0 5 0 49 0 27 0 36 0 15 0 53 0 31 0 42 0 56 0 57 0 58 0 4 0 54 0 61 0 62 0 63 72 13 72 12 72 2 72 17 72 22 72 16 72 24 72 25 72 18 72 8 72 3 72 32 72 1 72 34 72 35 72 7 72 37 72 20 72 4 72 40 72 41 72 19 72 31 72 38 72 45 72 33 72 27 72 23 72 43 72 36 72 26 72 52 72 53 72 29 72 55 72 56 72 57 72 58 72 5 72 9 72 30 72 62 72 63 
g54 86 51 4
pins g54 0 23 0 32 0 35 0 48 0 19 0 21 0 30 86 2 86 4 86 3 86 5 86 7 86 8 86 1 86 10 86 11 86 12 86 13 86 14 86 9 86 6 86 17 86 18 86 19 86 20 86 21 86 22 86 23 86 24 86 25 86 26 86 27 86 28 86 29 86 30 86 31 86 32 86 33 86 34 86 35 86 36 86 37 86 38 86 39 86 40 86 41 86 42 86 43 86 44 86 45 86 46 86 47 86 48 86 49 86 50 86 51 
g55 92 72 4
pins g55 0 44 0 27 0 33 0 21 0 1 0 54 0 57 0 50 0 6 0 35 0 12 0 11 0 20 0 64 0 55 0 31 0 24 0 2 0 40 0 16 0 9 0 72 92 14 92 23 92 26 92 4 92 33 92 35 92 10 92 31 92 22 92 39 92 1 92 41 92 42 92 9 92 32 92 30 92 46 92 47 92 5 92 49 92 7 92 51 92 38 92 29 92 54 92 21 92 2 92 37 92 58 92 56 92 34 92 61 92 62 92 59 92 64 92 65 92 18 92 67 92 68 92 69 92 70 92 71 92 27 
g56 81 66 2
pins g56 0 2 0 5 0 37 0 17 81 37 81 42 81 3 81 22 81 1 81 13 81 45 81 40 81 35 81 50 81 41 81 10 81 19 81 11 81 26 81 57 81 48 81 21 81 60 81 47 81 62 81 6 81 54 81 65 81 33 
g57 14 95 5
pins g57 0 1 0 21 0 15 0 22 0 13 0 23 0 26 0 7 0 4 0 14 0 19 0 12 0 9 0 33 0 34 0 35 0 28 0 5 0 25 0 36 0 32 0 41 0 42 0 2 0 44 0 45 0 46 0 18 0 3 0 49 0 50 0 51 0 16 0 53 0 54 0 55 0 56 0 57 0 58 0 59 0 60 0 61 0 37 0 63 0 64 0 20 0 66 0 67 0 68 0 69 0 70 0 71 0 72 0 73 0 74 0 75 0 76 0 77 0 78 0 31 0 65 0 79 0 82 0 47 0 84 0 85 0 86 0 87 0 88 0 89 0 90 0 91 0 92 0 93 0 94 0 95 14 3 14 1 14 6 14 8 14 9 14 7 14 11 14 2 14 13 14 14 14 15 14 12 14 17 14 18 14 19 14 20 14 21 14 10 14 23 14 24 14 25 14 26 14 27 14 28 14 29 14 22 14 31 14 32 14 33 14 34 14 16 14 36 14 37 14 38 14 39 14 5 14 41 14 42 14 40 14 44 14 43 14 46 14 47 14 48 14 49 14 50 14 30 14 52 14 51 14 54 14 55 14 56 14 57 14 58 14 59 14 60 14 61 14 62 14 63 14 64 14 65 14 66 14 67 14 4 14 69 14 70 14 71 14 72 14 73 14 74 14 75 14 76 14 77 14 78 14 79 14 80 14 81 14 82 14 83 14 84 14 85 14 86 14 87 14 88 14 89 14 90 14 91 14 92 14 93 14 94 14 95 
g58 75 67 4
pins g58 0 24 0 16 0 60 0 14 0 41 0 39 0 31 0 46 0 50 0 67 75 24 75 23 75 57 75 6 75 30 75 18 75 33 75 8 75 14 75 55 75 47 75 66 75 67 
g59 60 15 2
pins g59 0 15 60 1 60 2 60 3 60 4 60 5 60 6 60 7 60 8 60 9 60 10 60 11 60 12 60 13 60 14 60 15 
g60 30 83 1
pins g60 0 33 0 20 0 10 0 25 0 28 0 37 0 22 0 3 0 34 0 49 0 42 0 36 0 9 0 53 0 51 0 6 0 56 0 57 0 58 0 12 0 60 0 40 0 62 0 14 0 64 0 65 0 66 0 67 0 61 0 38 0 4 0 54 0 17 0 73 0 18 0 15 0 76 0 32 0 78 0 72 0 80 0 39 0 77 0 83 30 2 30 5 30 6 30 7 30 8 30 9 30 10 30 4 30 12 30 13 30 14 30 11 30 16 30 17 30 18 30 19 30 20 30 21 30 22 30 23 30 24 30 25 30 26 30 27 30 28 30 29 30 30 30 31 30 32 30 33 30 34 30 35 30 36 30 37 30 38 30 15 30 40 30 41 30 42 30 43 30 44 30 45 30 1 30 47 30 48 30 49 30 50 30 51 30 52 30 53 30 54 30 55 30 56 30 57 30 58 30 59 30 60 30 61 30 62 30 63 30 64 30 65 30 66 30 67 30 68 30 69 30 70 30 71 30 72 30 73 30 74 30 75 30 76 30 77 30 78 30 79 30 80 30 81 30 82 30 83 
g61 36 96 2
pins g61 0 3 0 85 0 26 0 59 0 22 0 34 0 29 0 24 0 40 0 18 0 95 0 96 36 69 36 4 36 29 36 75 36 49 36 59 36 89 36 37 36 88 
g62 27 74 1
pins g62 0 1 0 11 0 33 0 4 0 18 0 48 0 14 0 40 0 51 0 52 0 53 0 19 0 20 0 56 0 57 0 37 0 42 0 38 0 61 0 45 0 28 0 60 0 23 0 66 0 64 0 68 0 13 0 35 0 50 0 17 0 73 0 74 27 19 27 38 27 37 27 4 27 34 27 33 27 39 27 35 27 52 27 31 27 24 27 2 27 47 27 1 27 58 27 25 27 44 27 61 27 62 27 17 27 49 27 5 27 48 27 67 27 29 27 10 27 56 27 71 27 72 27 73 27 45 
g63 72 69 4
pins g63 0 19 0 9 0 2 0 22 0 8 0 3 0 27 0 28 0 29 0 30 0 7 0 32 0 5 0 26 0 35 0 11 0 21 0 36 0 23 0 40 0 39 0 42 0 33 0 44 0 6 0 14 0 47 0 37 0 49 0 50 0 51 0 45 0 53 0 41 0 17 0 20 0 24 0 12 0 48 0 13 0 61 0 62 0 63 0 4 0 65 0 31 0 67 0 68 0 58 72 5 72 10 72 7 72 3 72 15 72 23 72 24 72 4 72 26 72 8 72 25 72 29 72 30 72 31 72 21 72 17 72 14 72 32 72 11 72 37 72 20 72 39 72 40 72 41 72 42 72 43 72 44 72 45 72 28 72 47 72 48 72 49 72 50 72 51 72 52 72 53 72 54 72 55 72 1 72 57 72 58 72 59 72 60 72 61 72 18 72 16 72 64 72 12 72 9 72 67 72 68 72 13 
g64 83 1 1
pins g64 0 1 83 1 
g65 71 48 3
pins g65 0 3 0 30 0 13 0 19 0 4 0 33 0 26 0 37 0 38 0 39 0 6 0 7 0 42 0 32 0 44 0 29 0 46 0 27 0 25 71 2 71 1 71 13 71 5 71 11 71 21 71 14 71 6 71 24 71 25 71 8 71 12 71 28 71 29 71 26 71 31 71 32 71 27 71 15 71 9 71 36 71 37 71 16 71 22 71 40 71 41 71 42 71 43 71 44 71 18 71 20 71 47 71 48 
g66 33 29 2
pins g66 0 1 0 2 0 3 0 4 0 5 0 6 0 7 0 8 0 9 0 10 0 11 0 12 0 13 0 14 0 15 0 16 0 17 0 18 0 19 0 20 0 21 0 22 0 23 0 24 0 25 0 26 0 27 0 28 0 29 33 13 33 7 33 1 33 10 33 18 33 14 33 28 33 20 
g67 22 29 5
pins g67 0 7 22 16 22 20 22 6 22 9 22 28 22 29 
g68 20 55 2
pins g68 0 16 0 34 0 18 0 6 0 4 0 20 0 8 0 30 0 43 0 9 0 33 0 23 0 24 0 22 0 49 0 13 0 51 0 11 0 7 0 14 0 55 20 25 20 9 20 33 
g69 28 48 3
pins g69 0 1 0 7 0 6 0 3 0 10 0 2 0 12 0 13 0 4 0 15 0 16 0 17 0 18 0 19 0 20 0 21 0 22 0 23 0 24 0 25 0 26 0 9 0 28 0 29 0 30 0 27 0 32 0 33 0 34 0 35 0 36 0 11 0 38 0 39 0 40 0 41 0 42 0 43 0 44 0 14 0 46 0 47 0 31 28 1 28 3 28 4 28 2 28 6 28 7 28 8 28 5 28 10 28 11 28 12 28 13 28 14 28 15 28 16 28 17 28 9 28 19 28 20 28 21 28 18 28 23 28 24 28 25 28 26 28 27 28 28 28 29 28 30 28 31 28 32 28 33 28 34 28 35 28 36 28 37 28 38 28 39 28 40 28 41 28 42 28 43 28 44 28 45 28 46 28 47 28 48 
g70 24 73 3
pins g70 0 33 0 16 0 3 0 48 0 26 0 41 0 42 0 6 0 37 0 55 0 45 0 46 0 60 0 61 0 14 0 10 0 34 0 13 0 50 0 11 0 27 0 2 0 20 0 23 0 72 0 58 24 2 24 6 24 8 24 4 24 10 24 11 24 12 24 7 24 9 24 15 24 16 24 17 24 13 24 19 24 20 24 21 24 22 24 14 24 24 24 25 24 18 24 27 24 3 24 29 24 26 24 31 24 32 24 33 24 34 24 35 24 1 24 37 24 38 24 39 24 40 24 41 24 42 24 43 24 44 24 45 24 46 24 47 24 48 24 23 24 50 24 51 24 52 24 53 24 54 24 55 24 56 24 57 24 58 24 59 24 36 24 61 24 28 24 63 24 64 24 65 24 66 24 67 24 68 24 69 24 70 24 71 24 72 24 73 
g71 16 76 1
pins g71 0 4 0 13 0 24 0 9 0 1 0 27 0 20 0 29 0 11 0 22 0 21 0 33 0 34 0 35 0 3 0 8 0 18 0 16 0 39 0 25 0 26 0 30 0 44 0 15 0 46 0 47 0 6 0 17 0 36 0 45 0 52 0 53 0 54 0 55 0 56 0 7 0 31 0 59 0 5 0 61 0 48 0 63 0 64 0 38 0 66 0 67 0 2 0 49 0 70 0 71 0 72 0 19 0 74 0 75 0 76 16 17 16 5 16 15 16 13 16 4 16 3 16 28 16 11 16 31 16 32 16 6 16 16 16 20 16 22 16 37 16 26 16 39 16 40 16 41 16 42 16 43 16 10 16 45 16 8 16 25 16 48 16 47 16 36 16 51 16 33 16 24 16 54 16 52 16 56 16 57 16 14 16 59 16 34 16 61 16 62 16 63 16 38 16 65 16 66 16 27 16 68 16 69 16 29 16 50 16 72 16 73 16 74 16 75 16 76 
g72 73 5 1
pins g72 0 1 0 2 0 3 0 4 0 5 73 1 73 2 73 3 73 4 73 5 
g73 8 48 1
pins g73 0 7 0 11 0 3 0 17 0 23 0 15 0 12 0 24 0 27 0 5 0 2 0 30 0 10 0 32 0 16 0 21 0 35 0 36 0 37 0 26 0 39 0 29 0 6 0 42 0 22 0 9 0 20 0 46 0 19 0 48 8 10 8 3 8 11 8 13 8 15 8 19 8 20 8 12 8 2 8 23 8 14 8 6 8 1 8 18 8 28 8 26 8 30 8 17 8 32 8 4 8 34 8 35 8 29 8 21 8 38 8 39 8 31 8 41 8 42 8 43 8 44 8 33 8 46 8 8 8 48 
g74 9 95 4
pins g74 0 23 0 34 0 87 0 22 0 5 0 56 0 60 9 18 9 15 9 9 9 17 9 22 9 1 9 6 9 5 9 30 9 14 9 34 9 35 9 36 9 4 9 38 9 23 9 12 9 29 9 42 9 24 9 2 9 7 9 46 9 47 9 48 9 49 9 50 9 51 9 10 9 33 9 43 9 55 9 56 9 57 9 58 9 59 9 21 9 61 9 62 9 63 9 64 9 65 9 19 9 67 9 68 9 25 9 70 9 71 9 72 9 73 9 74 9 75 9 76 9 77 9 78 9 26 9 60 9 81 9 40 9 80 9 84 9 85 9 86 9 87 9 45 9 89 9 90 9 91 9 92 9 93 9 94 9 95 
g75 81 48 3
pins g75 0 1 0 4 0 6 0 7 0 12 0 2 0 14 0 3 0 16 0 17 0 18 0 19 0 9 0 15 0 22 0 10 0 24 0 25 0 26 0 27 0 28 0 29 0 30 0 31 0 32 0 33 0 34 0 35 0 36 0 37 0 38 0 39 0 13 0 41 0 42 0 43 0 44 0 45 0 46 0 47 0 48 81 2 81 3 81 4 81 1 81 6 81 7 81 8 81 9 81 5 81 11 81 12 81 13 81 14 81 15 81 16 81 17 81 18 81 19 81 20 81 21 81 10 81 23 81 24 81 25 81 26 81 27 81 28 81 29 81 30 81 31 81 32 81 33 81 34 81 35 81 36 81 37 81 38 81 39 81 40 81 41 81 42 81 22 81 44 81 45 81 46 81 47 81 48 
g76 82 23 3
pins g76 0 11 0 13 0 1 0 14 0 18 0 2 0 4 0 22 0 23 82 9 82 3 82 5 82 6 82 14 82 15 82 16 82 17 82 18 82 19 82 20 82 11 82 22 82 23 
g77 76 46 1
pins g77 0 6 0 2 0 24 0 1 0 13 0 29 0 14 0 31 0 5 0 40 0 34 0 42 0 43 0 18 0 22 0 46 76 6 76 18 76 14 76 15 76 1 76 8 76 21 76 16 76 29 76 30 76 20 76 26 76 23 76 34 76 3 76 36 76 37 76 38 76 39 76 40 76 41 76 22 76 43 76 44 76 13 76 46 
g78 56 14 3
pins g78 0 1 0 2 0 3 0 4 0 5 0 6 0 7 0 8 0 9 0 10 0 11 0 12 0 13 0 14 56 5 56 11 56 4 56 1 56 6 
g79 56 4 1
pins g79 0 4 56 2 56 3 56 4 
g80 5 99 1
pins g80 0 4 0 5 0 10 0 14 0 12 0 6 0 15 0 13 0 11 0 23 0 24 0 8 0 26 0 27 0 28 0 29 0 21 0 19 0 32 0 33 0 3 0 35 0 36 0 37 0 38 0 39 0 40 0 41 0 34 0 43 0 42 0 18 0 46 0 47 0 48 0 49 0 50 0 51 0 52 0 53 0 54 0 55 0 56 0 57 0 58 0 59 0 16 0 61 0 62 0 63 0 64 0 1 0 66 0 67 0 68 0 69 0 70 0 45 0 30 0 73 0 74 0 75 0 76 0 77 0 78 0 65 0 80 0 81 0 82 0 83 0 84 0 85 0 86 0 87 0 88 0 89 0 90 0 91 0 92 0 93 0 94 0 95 0 7 0 97 0 96 0 99 5 28 5 45 5 5 5 51 5 1 5 68 5 35 5 86 5 11 5 9 5 91 5 21 5 3 5 52 5 31 5 47 5 79 5 98 5 38 
g81 42 32 3
pins g81 0 7 0 3 0 11 0 2 0 10 0 14 0 1 0 16 0 9 0 18 0 12 0 20 0 21 0 22 0 23 0 15 0 17 0 24 0 27 0 25 0 8 0 28 0 4 0 5 42 1 42 2 42 3 42 4 42 5 42 6 42 7 42 8 42 9 42 10 42 11 42 12 42 13 42 14 42 15 42 16 42 17 42 18 42 19 42 20 42 21 42 22 42 23 42 24 42 25 42 26 42 27 42 28 42 29 42 30 42 31 42 32 
g82 49 48 2
pins g82 0 1 0 9 0 12 0 11 0 4 0 18 0 19 0 14 0 21 0 5 0 23 0 2 0 3 0 10 0 26 0 28 0 29 0 30 0 31 0 15 0 33 0 34 0 7 0 13 0 32 0 38 0 27 0 40 0 41 0 8 0 43 0 44 0 45 0 46 0 42 0 48 49 36 49 3 49 30 49 8 49 7 49 26 
g83 24 70 3
pins g83 0 14 0 1 0 13 0 21 0 27 0 6 0 29 0 5 0 7 0 31 0 18 0 34 0 10 0 36 0 22 0 15 0 38 0 40 0 41 0 42 0 2 0 28 0 26 0 46 0 47 0 25 0 16 0 3 0 20 0 52 0 53 0 19 0 54 0 56 0 57 0 12 0 59 0 60 0 17 0 62 0 63 0 64 0 45 0 66 0 33 0 50 0 65 0 70 24 7 24 8 24 5 24 11 24 9 24 4 24 13 24 2 24 16 24 17 24 1 24 10 24 20 24 21 24 22 24 23 24 24 24 25 24 26 24 27 24 3 24 14 24 30 24 31 24 32 24 33 24 29 24 35 24 28 24 37 24 38 24 39 24 40 24 41 24 42 24 43 24 44 24 45 24 46 24 47 24 48 24 6 24 50 24 51 24 52 24 53 24 54 24 55 24 56 24 12 24 58 24 19 24 60 24 18 24 59 24 62 24 64 24 34 24 66 24 67 24 68 24 69 24 70 
g84 55 84 3
pins g84 0 19 0 10 0 5 0 21 0 27 0 45 0 38 0 31 0 48 0 16 0 50 0 1 0 52 0 7 0 54 0 17 0 41 0 49 0 58 0 53 0 6 0 24 0 36 0 63 0 47 0 15 0 59 0 42 0 30 0 37 0 70 0 71 0 72 0 12 0 8 0 18 0 76 0 77 0 78 0 46 0 80 0 81 0 82 0 62 0 84 55 3 55 9 55 25 55 1 55 21 55 42 55 30 55 33 55 23 55 38 55 47 55 56 55 26 55 51 55 59 55 31 55 61 55 46 55 54 55 52 55 4 55 22 55 67 55 13 55 65 55 70 55 64 55 72 55 43 55 14 55 29 55 76 55 40 55 53 55 10 55 44 55 19 55 82 55 83 55 84 
g85 35 4 3
pins g85 0 1 35 4 
g86 84 5 2
pins g86 0 2 0 1 0 3 0 5 84 5 
g87 81 44 1
pins g87 0 25 0 8 0 15 0 26 0 21 0 31 0 3 0 28 0 34 0 32 0 24 0 18 0 30 0 20 0 35 0 12 0 42 0 11 0 4 81 3 81 2 81 17 81 7 81 19 81 12 81 5 81 14 81 13 81 24 81 25 81 8 81 27 81 20 81 29 81 9 81 31 81 6 81 15 81 26 81 35 81 36 81 37 81 38 81 39 81 40 81 41 81 42 81 43 81 18 
g88 44 51 5
pins g88 0 1 0 13 0 11 0 18 0 17 0 5 0 20 0 22 0 23 0 24 0 7 0 26 0 27 0 28 0 2 0 30 0 6 0 31 0 33 0 34 0 35 0 36 0 37 0 10 0 39 0 38 0 41 0 42 0 19 0 40 0 45 0 15 0 47 0 8 0 49 0 50 0 51 44 3 44 5 44 1 44 7 44 2 44 4 44 8 44 11 44 12 44 13 44 14 44 15 44 16 44 17 44 18 44 19 44 10 44 21 44 22 44 20 44 24 44 25 44 9 44 27 44 28 44 29 44 30 44 31 44 6 44 33 44 34 44 35 44 36 44 37 44 38 44 39 44 40 44 41 44 42 44 43 44 44 44 45 44 46 44 47 44 48 44 49 44 50 44 51 
g89 70 5 4
pins g89 0 1 0 2 0 3 0 4 0 5 70 1 70 2 70 3 70 4 70 5 
g90 89 83 2
pins g90 0 29 0 32 0 30 0 43 0 27 0 34 0 16 0 8 0 36 0 71 0 47 0 33 0 74 0 57 0 18 0 31 0 78 0 17 0 40 0 10 0 26 0 68 89 11 89 21 89 20 89 18 89 13 89 19 89 27 89 29 89 10 89 2 89 32 89 25 89 5 89 3 89 36 89 22 89 38 89 39 89 26 89 41 89 15 89 43 89 44 89 1 89 46 89 47 89 48 89 49 89 30 89 51 89 52 89 23 89 28 89 55 89 34 89 57 89 58 89 33 89 14 89 8 89 62 89 53 89 64 89 65 89 66 89 56 89 68 89 69 89 70 89 71 89 72 89 73 89 31 89 12 89 76 89 50 89 78 89 79 89 80 89 67 89 60 89 75 
g91 48 47 1
pins g91 0 3 0 17 0 7 0 18 0 10 0 5 0 28 0 8 0 25 0 24 0 29 0 33 0 34 0 21 0 4 0 19 0 38 0 36 0 40 0 23 0 42 0 43 0 44 0 45 0 46 0 27 48 39 48 29 48 33 48 8 48 28 48 11 48 41 48 25 48 31 
g92 50 62 2
pins g92 0 25 0 49 0 19 0 16 0 2 0 12 0 13 0 38 0 32 0 3 0 21 0 59 0 40 0 56 0 62 50 23 50 41 50 49 50 42 50 52 50 40 50 25 50 54 
g93 33 70 1
pins g93 0 8 0 1 0 9 0 12 0 4 0 15 0 2 0 17 0 18 0 19 0 20 0 6 0 22 0 11 0 3 0 5 0 26 0 7 0 28 0 29 0 30 0 31 0 32 0 33 0 34 0 35 0 36 0 14 0 10 0 39 0 13 0 41 0 42 0 43 0 44 0 45 0 25 0 47 0 48 0 23 0 50 0 51 0 52 0 53 0 54 0 55 0 56 0 57 0 58 0 59 0 40 0 38 0 62 0 60 0 64 0 65 0 66 0 21 0 68 0 69 0 70 33 26 33 7 33 31 33 21 33 43 33 23 33 39 33 33 33 17 33 20 33 69 33 42 
g94 37 34 2
pins g94 0 8 0 3 0 7 0 5 0 2 0 14 0 1 0 16 0 9 0 18 0 11 0 12 0 17 0 22 0 23 0 6 0 25 0 26 0 27 0 28 0 29 0 30 0 10 0 32 0 33 0 4 37 14 37 1 37 5 37 10 37 6 37 22 37 20 37 18 37 25 37 15 37 3 37 28 37 29 37 4 37 31 37 32 37 33 37 11 
g95 7 62 4
pins g95 0 5 0 24 0 10 0 34 0 35 0 4 0 21 0 16 0 36 0 8 0 18 0 41 0 7 0 30 0 45 0 46 0 12 0 48 0 49 0 43 0 13 0 52 0 3 0 54 0 38 0 56 0 26 0 20 0 9 0 47 0 61 0 62 7 13 7 27 7 2 7 4 7 25 7 26 7 40 7 10 7 22 7 52 7 53 7 54 7 30 7 56 7 51 7 1 7 49 7 29 7 28 7 31 
g96 16 35 1
pins g96 0 21 0 19 0 24 0 23 0 27 0 11 0 7 0 6 0 8 0 9 0 12 0 34 0 18 16 1 16 10 16 19 16 13 16 24 16 3 16 26 16 15 16 22 16 8 16 29 16 31 16 32 16 33 16 34 16 35 
g97 90 33 5
pins g97 0 2 0 8 0 6 0 14 0 7 0 15 0 17 0 12 0 18 0 4 0 16 0 22 0 5 0 24 0 13 0 26 0 27 0 28 0 29 0 21 0 31 0 32 0 30 90 8 90 5 90 12 90 13 90 6 90 7 90 16 90 3 90 18 90 1 90 20 90 21 90 22 90 23 90 19 90 2 90 26 90 27 90 28 90 29 90 30 90 31 90 32 90 33 
g98 12 43 4
pins g98 0 27 12 8 12 1 12 11 12 26 12 23 12 28 12 5 12 13 12 31 12 32 12 24 12 10 12 35 12 25 12 36 12 22 12 7 12 17 12 14 12 12 12 21 
g99 62 50 4
pins g99 0 36 62 24 62 30 62 3 62 36 62 20 62 31 62 2 62 14 62 19 62 38 62 39 62 50 
g100 64 56 2
pins g100 0 20 0 41 64 4 64 5 64 6 64 7 64 3 64 9 64 10 64 11 64 12 64 13 64 14 64 15 64 16 64 17 64 18 64 19 64 8 64 21 64 22 64 23 64 24 64 25 64 26 64 27 64 28 64 29 64 2 64 31 64 32 64 33 64 34 64 35 64 36 64 1 64 38 64 39 64 40 64 41 64 42 64 43 64 44 64 45 64 46 64 30 64 48 64 49 64 50 64 51 64 52 64 53 64 54 64 55 64 56 
wire_delay 1
wire g40.p14 g80.p7
wire g43.p9 g63.p45
wire g79.p5 g97.p6
wire g44.p41 g3.p51
wire g44.p35 g14.p3
wire g53.p67 g20.p3
wire g88.p68 g95.p19
wire g33.p19 g52.p50
wire g74.p17 g80.p22
wire g11.p45 g86.p3
wire g18.p96 g9.p7
wire g72.p9 g31.p44
wire g60.p76 g62.p29
wire g69.p91 g95.p17
wire g46.p34 g75.p20
wire g86.p6 g17.p7
wire g18.p90 g70.p14
wire g32.p23 g61.p13
wire g52.p101 g49.p19
wire g18.p92 g93.p62
wire g33.p24 g6.p3
wire g62.p42 g42.p5
wire g44.p55 g72.p6
wire g17.p23 g87.p11
wire g48.p39 g69.p30
wire g6.p5 g42.p3
wire g50.p97 g10.p6
wire g37.p23 g32.p3
wire g84.p83 g28.p51
wire g66.p31 g49.p23
wire g56.p18 g15.p44
wire g68.p24 g67.p2
wire g64.p3 g32.p3
wire g49.p70 g73.p25
wire g31.p124 g76.p9
wire g21.p38 g23.p41
wire g16.p56 g14.p3
wire g39.p31 g34.p2
wire g26.p25 g59.p2
wire g14.p5 g23.p40
wire g6.p6 g69.p26
wire g7.p67 g43.p2
wire g78.p20 g91.p24
wire g74.p77 g22.p23
wire g17.p16 g13.p4
wire g91.p34 g61.p7
wire g81.p57 g100.p3
wire g96.p25 g18.p56
wire g57.p145 g96.p4
wire g2.p97 g7.p22
wire g75.p43 g32.p3
wire g38.p146 g56.p2
wire g95.p34 g42.p10
wire g26.p35 g6.p2
wire g38.p153 g21.p4
wire g82.p40 g23.p18
wire g4.p43 g5.p7
wire g92.p19 g100.p2
wire g46.p31 g57.p49
wire g72.p10 g94.p15
wire g77.p42 g46.p7
wire g98.p15 g4.p21
wire g88.p49 g78.p11
wire g77.p43 g88.p5
wire g32.p19 g63.p24
wire g16.p45 g61.p8
wire g46.p47 g76.p6
wire g99.p7 g76.p10
wire g30.p3 g18.p5
wire g97.p47 g82.p19
wire g66.p37 g26.p17
wire g69.p58 g25.p15
wire g38.p105 g63.p26
wire g53.p53 g33.p14
wire g80.p94 g77.p13
wire g18.p98 g90.p5
wire g83.p101 g92.p6
wire g4.p42 g83.p24
wire g34.p3 g93.p24
wire g37.p21 g55.p13
wire g100.p23 g6.p2
wire g71.p63 g83.p35
wire g89.p10 g13.p11
wire g3.p89 g89.p5
wire g79.p5 g47.p14
wire g79.p3 g67.p2
wire g19.p44 g23.p45
wire g70.p51 g43.p3
wire g47.p19 g60.p22
wire g13.p20 g93.p44
wire g67.p6 g35.p45
wire g95.p38 g25.p6
wire g50.p52 g95.p21
wire g97.p29 g93.p22
wire g16.p34 g88.p27
wire g24.p21 g30.p2
wire g60.p109 g98.p2
wire g23.p64 g9.p9
wire g21.p30 g39.p5
wire g36.p123 g56.p4
wire g12.p143 g37.p15
wire g99.p11 g62.p7
wire g44.p56 g1.p8
wire g47.p20 g77.p16
wire g79.p4 g74.p6
wire g73.p59 g87.p16
wire g15.p57 g71.p6
wire g20.p5 g81.p14
wire g92.p21 g65.p6
wire g27.p16 g17.p7
wire g50.p79 g54.p3
wire g45.p51 g5.p38
wire g58.p19 g11.p15
wire g69.p75 g26.p5
wire g71.p78 g16.p6
wire g94.p41 g62.p24
wire g70.p31 g29.p2
wire g56.p21 g69.p37
wire g35.p84 g60.p38
wire g58.p18 g24.p6
wire g64.p3 g93.p3
wire g14.p5 g61.p8
wire g53.p90 g45.p5
wire g41.p5 g31.p47
wire g35.p84 g53.p32
wire g84.p80 g55.p12
wire g43.p19 g2.p16
wire g42.p17 g82.p12
wire g57.p161 g28.p12
wire g79.p5 g4.p30
wire g90.p47 g33.p4
wire g99.p5 g79.p2
wire g21.p37 g70.p16
wire g36.p127 g90.p22
wire g2.p114 g87.p16
wire g91.p32 g72.p6
wire g19.p53 g11.p24
wire g67.p5 g29.p2
wire g52.p109 g88.p33
wire g100.p12 g3.p24
wire g41.p6 g80.p23
wire g2.p142 g90.p16
wire g79.p3 g43.p2
wire g73.p50 g23.p32
wire g57.p164 g94.p10
wire g27.p26 g86.p4
wire g49.p102 g70.p11
wire g76.p15 g85.p2
wire g91.p29 g55.p11
wire g76.p23 g33.p17
wire g94.p28 g53.p47
wire g34.p4 g7.p18
wire g43.p10 g2.p50
wire g15.p89 g54.p4
wire g11.p48 g48.p4
wire g46.p37 g87.p13
wire g28.p79 g50.p22
wire g1.p15 g62.p15
wire g25.p21 g51.p2
wire g77.p18 g83.p33
wire g75.p72 g48.p4
wire g61.p14 g23.p39
wire g89.p9 g67.p2
wire g62.p58 g98.p2
wire g53.p86 g36.p72
wire g50.p65 g92.p6
wire g69.p64 g5.p36
wire g1.p16 g5.p25
wire g22.p73 g2.p28
wire g57.p113 g62.p21
wire g89.p10 g41.p2
wire g85.p3 g12.p34
wire g30.p3 g4.p29
wire g11.p51 g3.p59
wire g22.p70 g53.p22
wire g99.p14 g82.p10
wire g4.p39 g94.p18
wire g56.p18 g77.p15
wire g1.p13 g33.p11
wire g91.p33 g99.p2
wire g26.p32 g97.p17
wire g28.p110 g3.p15
wire g25.p22 g71.p49
wire g98.p4 g89.p5
wire g49.p103 g29.p2
wire g86.p6 g36.p43
wire g24.p44 g32.p2
wire g78.p18 g82.p12
wire g75.p87 g97.p6
wire g6.p7 g20.p2
wire g96.p25 g9.p12
wire g39.p22 g98.p2
wire g62.p60 g47.p8
wire g53.p77 g45.p25
wire g84.p76 g97.p19
wire g5.p47 g100.p3
wire g69.p62 g90.p9
wire g3.p76 g73.p2
wire g4.p38 g74.p6
wire g99.p11 g54.p5
wire g63.p79 g17.p9
wire g42.p15 g82.p35
wire g1.p14 g60.p24
wire g98.p15 g8.p33
wire g77.p28 g14.p2
wire g32.p22 g35.p55
wire g50.p102 g5.p38
wire g6.p7 g57.p68
wire g31.p114 g36.p50
wire g18.p93 g41.p2
wire g72.p11 g29.p2
wire g84.p71 g70.p13
wire g37.p23 g14.p2
wire g12.p84 g25.p16
wire g33.p27 g92.p16
wire g57.p145 g47.p7
wire g90.p73 g42.p9
wire g64.p3 g43.p5
wire g57.p165 g54.p2
wire g41.p6 g88.p36
wire g65.p33 g5.p14
wire g68.p25 g26.p19
wire g28.p76 g15.p37
wire g22.p64 g29.p2
wire g45.p53 g33.p17
wire g20.p5 g75.p19
wire g27.p40 g26.p16
wire g50.p99 g100.p2
wire g79.p3 g19.p33
wire g64.p3 g90.p13
wire g63.p61 g52.p27
wire g13.p20 g72.p5
wire g37.p24 g79.p2
wire g45.p51 g99.p2
wire g10.p16 g55.p23
wire g81.p44 g68.p11
wire g38.p124 g18.p11
wire g30.p3 g20.p3
wire g86.p6 g48.p3
wire g77.p35 g32.p4
wire g87.p34 g9.p10
wire g79.p3 g4.p27
wire g23.p57 g53.p2
wire g31.p132 g25.p3
wire g8.p87 g51.p3
wire g59.p5 g62.p28
wire g43.p20 g88.p11
wire g75.p60 g41.p4
wire g6.p6 g75.p17
wire g48.p26 g35.p21
wire g58.p14 g22.p12
wire g89.p11 g21.p9
wire g21.p40 g2.p26
wire g61.p15 g36.p6
wire g32.p20 g82.p6
wire g29.p3 g46.p11
wire g53.p58 g18.p66
wire g18.p94 g8.p52
wire g24.p61 g68.p3
wire g73.p37 g9.p10
wire g55.p60 g27.p7
wire g54.p42 g51.p2
wire g81.p52 g67.p2
wire g92.p18 g98.p2
wire g77.p30 g21.p13
wire g20.p5 g37.p7
wire g26.p20 g7.p30
wire g8.p101 g6.p4
wire g39.p23 g96.p7
wire g91.p28 g49.p23
wire g95.p34 g11.p3
wire g36.p105 g30.p2
wire g52.p78 g91.p27
wire g30.p3 g22.p50
wire g46.p49 g16.p10
wire g41.p5 g5.p4
wire g50.p105 g27.p3
wire g40.p14 g61.p2
wire g78.p17 g48.p2
wire g23.p57 g76.p9
wire g13.p30 g79.p2
wire g90.p50 g73.p7
wire g26.p20 g59.p2
wire g14.p6 g90.p22
wire g91.p31 g42.p12
wire g85.p3 g78.p11
wire g78.p18 g49.p34
wire g95.p46 g100.p3
wire g27.p33 g41.p3
wire g72.p9 g45.p4
wire g8.p70 g29.p2
wire g64.p3 g69.p42
wire g96.p21 g52.p66
wire g90.p67 g23.p44
wire g23.p57 g34.p2
wire g54.p31 g10.p6
wire g46.p52 g20.p3
wire g3.p82 g93.p14
wire g60.p73 g28.p7
wire g86.p6 g33.p14
wire g50.p52 g100.p2
wire g45.p52 g38.p43
wire g15.p72 g45.p27
wire g7.p65 g93.p35
wire g66.p37 g12.p20
wire g10.p30 g52.p6
wire g88.p82 g65.p5
wire g77.p20 g34.p2
wire g21.p37 g73.p18
wire g67.p6 g100.p3
wire g67.p4 g76.p3
wire g77.p32 g25.p8
wire g49.p77 g16.p8
wire g11.p48 g49.p53
wire g78.p16 g40.p5
wire g55.p56 g20.p3
wire g27.p36 g51.p2
wire g31.p106 g69.p13
wire g98.p14 g27.p4
wire g36.p89 g15.p4
wire g53.p65 g12.p53
wire g40.p13 g33.p13
wire g65.p27 g97.p19
wire g6.p5 g69.p12
wire g10.p24 g71.p14
wire g19.p44 g64.p2
wire g37.p22 g36.p35
wire g4.p35 g69.p9
wire g76.p12 g75.p5
wire g4.p38 g41.p4
wire g84.p81 g28.p49
wire g28.p86 g77.p4
wire g31.p102 g15.p28
wire g88.p48 g100.p3
wire g81.p47 g62.p22
wire g21.p38 g75.p34
wire g83.p74 g85.p2
wire g77.p43 g76.p4
wire g28.p110 g39.p6
wire g62.p61 g47.p12
wire g13.p19 g25.p11
wire g29.p3 g6.p2
wire g15.p76 g66.p23
wire g97.p45 g47.p5
wire g84.p61 g27.p2
wire g49.p68 g68.p9
wire g4.p38 g47.p6
wire g76.p20 g97.p17
wire g59.p8 g74.p2
wire g94.p39 g41.p2
wire g78.p16 g38.p23
wire g32.p22 g14.p2
wire g62.p57 g6.p4
wire g76.p16 g69.p30
wire g81.p47 g74.p3
wire g16.p22 g94.p3
wire g44.p27 g18.p54
wire g9.p22 g29.p2
wire g69.p50 g58.p10
wire g35.p83 g9.p8
wire g74.p31 g64.p2
wire g27.p29 g59.p2
wire g4.p35 g81.p20
wire g1.p17 g76.p3
wire g79.p4 g60.p31
wire g2.p133 g23.p47
wire g29.p3 g51.p3
wire g61.p19 g20.p3
wire g41.p5 g25.p13
wire g28.p95 g33.p9
wire g30.p3 g2.p72
wire g85.p3 g27.p8
wire g24.p22 g61.p9
wire g29.p3 g40.p10
wire g37.p26 g90.p7
wire g66.p37 g81.p11
wire g49.p83 g61.p10
wire g83.p94 g54.p2
wire g71.p101 g73.p24
wire g48.p43 g94.p25
wire g95.p51 g26.p15
wire g40.p17 g65.p14
wire g71.p109 g29.p2
wire g27.p27 g81.p8
wire g17.p18 g39.p13
wire g67.p7 g12.p31
wire g5.p53 g82.p12
wire g78.p17 g64.p2
wire g56.p19 g11.p13
wire g86.p6 g14.p3
wire g44.p40 g46.p20
wire g13.p19 g74.p8
wire g73.p43 g22.p29
wire g42.p17 g10.p4
wire g21.p35 g90.p22
wire g92.p18 g12.p32
wire g64.p3 g58.p10
wire g47.p24 g22.p2
wire g82.p39 g52.p35
wire g70.p52 g22.p13
wire g2.p95 g100.p2
wire g39.p24 g23.p2
wire g47.p22 g10.p6
wire g4.p41 g63.p45
wire g88.p82 g51.p3
wire g1.p16 g70.p3
wire g72.p9 g19.p27
wire g98.p3 g24.p2
wire g17.p23 g99.p2
wire g62.p42 g73.p9
wire g4.p44 g53.p8
wire g5.p74 g7.p45
wire g61.p19 g51.p2
wire g26.p25 g55.p19
wire g93.p65 g31.p17
wire g86.p6 g30.p2
wire g50.p69 g88.p5
wire g47.p23 g13.p2
wire g13.p31 g68.p13
wire g1.p11 g36.p76
wire g87.p49 g6.p4
wire g19.p53 g20.p3
wire g70.p60 g57.p24
wire g50.p95 g9.p7
wire g98.p14 g37.p9
wire g18.p93 g80.p50
wire g23.p54 g81.p17
wire g98.p15 g6.p4
wire g27.p19 g54.p7
wire g57.p134 g73.p6
wire g12.p163 g29.p2
wire g66.p38 g8.p9
wire g37.p25 g45.p22
wire g23.p56 g65.p10
wire g50.p64 g25.p4
wire g1.p15 g49.p43
wire g66.p38 g4.p33
wire g20.p5 g21.p24
wire g23.p49 g71.p55
wire g35.p84 g31.p13
wire g41.p6 g23.p12
wire g7.p97 g23.p11
wire g50.p54 g81.p5
wire g95.p45 g84.p17
wire g100.p8 g37.p17
wire g98.p15 g56.p5
wire g48.p28 g90.p12
wire g96.p22 g62.p22
wire g7.p51 g10.p3
wire g78.p16 g44.p7
wire g62.p37 g40.p8
wire g86.p6 g19.p30
wire g78.p19 g54.p6
wire g17.p29 g66.p6
wire g90.p40 g29.p2
wire g49.p100 g3.p34
wire g98.p17 g36.p48
wire g33.p19 g54.p3
wire g52.p81 g16.p17
wire g92.p22 g63.p14
wire g34.p5 g81.p15
wire g15.p95 g64.p2
wire g46.p36 g28.p8
wire g91.p35 g15.p36
wire g39.p33 g4.p12
wire g6.p5 g54.p2
wire g17.p31 g85.p2
wire g56.p22 g95.p17
wire g67.p5 g55.p4
wire g5.p45 g70.p3
wire g99.p10 g5.p23
wire g67.p6 g65.p16
wire g70.p74 g8.p27
wire g89.p8 g41.p2
wire g20.p4 g2.p67
wire g1.p13 g96.p8
wire g31.p96 g1.p5
wire g96.p16 g85.p2
wire g77.p37 g98.p2
wire g22.p68 g87.p20
wire g83.p82 g44.p17
wire g49.p76 g55.p12
wire g1.p17 g90.p4
wire g62.p37 g55.p23
wire g21.p38 g87.p13
wire g47.p23 g8.p39
wire g92.p22 g62.p25
wire g41.p5 g74.p3
wire g29.p3 g51.p2
wire g8.p98 g87.p20
wire g22.p72 g42.p7
wire g1.p16 g29.p2
wire g24.p79 g49.p48
wire g91.p31 g89.p2
wire g28.p74 g27.p3
wire g100.p42 g29.p2
wire g24.p44 g43.p4
wire g72.p11 g30.p2
wire g16.p35 g8.p20
wire g21.p35 g2.p19
wire g70.p55 g43.p4
wire g5.p53 g87.p8
wire g11.p39 g39.p4
wire g83.p87 g92.p15
wire g99.p6 g7.p4
wire g100.p42 g17.p7
wire g2.p107 g9.p8
wire g89.p8 g93.p41
wire g46.p43 g51.p2
wire g11.p34 g65.p13
wire g47.p17 g45.p29
wire g96.p24 g91.p20
wire g94.p31 g53.p47
wire g99.p4 g25.p16
wire g14.p4 g4.p27
wire g61.p21 g51.p2
wire g30.p3 g82.p2
wire g95.p49 g81.p15
wire g60.p95 g96.p9
wire g28.p94 g81.p8
wire g34.p4 g24.p14
wire g9.p15 g39.p5
wire g12.p155 g100.p2
wire g57.p78 g78.p12
wire g69.p45 g27.p6
wire g62.p44 g95.p7
wire g16.p54 g34.p2
wire g92.p22 g8.p57
wire g68.p24 g28.p40
wire g77.p41 g49.p47
wire g88.p73 g51.p3
wire g79.p3 g48.p2
wire g61.p18 g20.p2
wire g75.p51 g29.p2
wire g56.p12 g19.p36
wire g83.p106 g41.p2
wire g43.p13 g97.p11
wire g3.p80 g90.p21
wire g88.p71 g14.p3
wire g90.p26 g42.p9
wire g83.p69 g9.p8
wire g8.p77 g55.p21
wire g52.p102 g13.p11
wire g93.p72 g29.p2
wire g94.p34 g80.p30
wire g58.p23 g17.p5
wire g70.p92 g15.p6
wire g20.p5 g80.p40
wire g7.p60 g24.p7
wire g96.p28 g56.p5
wire g16.p50 g17.p7
wire g55.p24 g93.p11
wire g95.p41 g6.p4
wire g92.p23 g66.p17
wire g49.p102 g17.p11
wire g60.p49 g6.p4
wire g95.p43 g49.p3
wire g57.p147 g3.p14
wire g14.p4 g66.p11
wire g67.p7 g100.p2
wire g46.p34 g98.p2
wire g44.p47 g70.p12
wire g96.p16 g46.p11
wire g65.p31 g26.p9
wire g72.p10 g100.p3
wire g90.p63 g63.p8
wire g19.p49 g59.p2
wire g91.p30 g11.p20
wire g96.p16 g80.p35
wire g18.p89 g26.p19
wire g25.p17 g16.p9
wire g61.p18 g55.p9
wire g44.p39 g37.p5
wire g19.p53 g26.p2
wire g48.p44 g87.p4
wire g77.p40 g59.p2
wire g77.p37 g22.p42
wire g72.p7 g36.p53
wire g73.p38 g42.p5
wire g68.p23 g34.p2
wire g94.p30 g37.p12
wire g32.p21 g20.p3
wire g25.p23 g97.p10
wire g46.p29 g69.p40
wire g99.p5 g82.p20
wire g44.p61 g35.p33
wire g79.p5 g31.p58
wire g72.p7 g96.p12
wire g84.p57 g59.p2
wire g6.p6 g40.p3
wire g14.p6 g95.p33
wire g38.p129 g47.p4
wire g43.p16 g68.p7
wire g30.p3 g64.p2
wire g31.p135 g16.p10
wire g59.p12 g4.p31
wire g49.p70 g8.p35
wire g69.p71 g2.p7
wire g35.p86 g87.p10
wire g79.p4 g19.p32
wire g75.p56 g59.p2
wire g31.p122 g16.p3
wire g98.p16 g63.p25
wire g20.p5 g93.p49
wire g99.p14 g69.p24
wire g35.p86 g62.p4
wire g74.p68 g39.p10
wire g94.p45 g2.p53
wire g84.p69 g28.p38
wire g48.p17 g85.p2
wire g96.p19 g100.p2
wire g32.p13 g5.p43
wire g4.p35 g3.p26
wire g45.p62 g85.p2
wire g38.p133 g83.p6
wire g24.p52 g59.p2
wire g88.p39 g31.p28
wire g21.p33 g5.p3
wire g84.p73 g35.p49
wire g64.p3 g38.p13
wire g27.p26 g75.p20
wire g17.p34 g51.p3
wire g11.p49 g70.p17
wire g83.p103 g5.p14
wire g32.p19 g98.p2
wire g44.p49 g33.p5
wire g61.p17 g23.p6
wire g7.p65 g24.p12
wire g11.p34 g49.p44
wire g70.p43 g42.p9
wire g88.p71 g31.p20
wire g76.p20 g29.p2
wire g7.p59 g73.p27
wire g57.p109 g95.p29
wire g18.p96 g11.p15
wire g45.p42 g2.p71
wire g67.p8 g93.p27
wire g12.p155 g8.p21
wire g74.p41 g16.p17
wire g77.p40 g21.p2
wire g79.p4 g85.p2
wire g92.p21 g38.p55
wire g88.p50 g72.p3
wire g22.p58 g23.p29
wire g12.p148 g54.p7
wire g43.p6 g78.p8
wire g61.p17 g8.p42
wire g15.p73 g93.p46
wire g41.p5 g64.p2
wire g95.p46 g85.p2
wire g50.p89 g21.p16
wire g81.p33 g45.p22
wire g41.p5 g51.p3
wire g5.p74 g90.p22
wire g60.p85 g25.p11
wire g19.p50 g55.p9
wire g68.p23 g25.p7
wire g91.p29 g62.p19
wire g83.p51 g5.p9
wire g44.p32 g22.p46
wire g15.p92 g60.p22
wire g8.p72 g2.p82
wire g78.p17 g23.p20
wire g72.p10 g25.p13
wire g98.p5 g11.p12
wire g33.p29 g62.p2
wire g7.p70 g76.p8
wire g62.p63 g14.p2
wire g78.p20 g86.p2
wire g77.p31 g50.p29
wire g69.p74 g10.p4
wire g11.p35 g97.p22
wire g28.p88 g14.p2
wire g50.p70 g34.p2
wire g44.p29 g17.p10
wire g63.p98 g61.p5
wire g96.p17 g31.p77
wire g91.p29 g67.p2
wire g88.p75 g59.p2
wire g92.p22 g51.p3
wire g7.p65 g90.p15
wire g27.p36 g17.p5
wire g71.p82 g51.p3
wire g88.p56 g22.p28
wire g91.p34 g54.p6
wire g78.p17 g14.p2
wire g31.p131 g80.p49
wire g98.p6 g3.p9
wire g65.p51 g4.p20
wire g36.p92 g74.p7
wire g83.p91 g84.p15
wire g56.p18 g80.p39
wire g96.p27 g25.p8
wire g65.p47 g13.p7
wire g35.p87 g16.p6
wire g79.p3 g66.p28
wire g85.p3 g73.p25
wire g67.p8 g72.p5
wire g91.p33 g77.p5
wire g50.p85 g55.p9
wire g48.p13 g35.p36
wire g70.p75 g55.p8
wire g40.p16 g55.p10
wire g57.p80 g87.p13
wire g11.p40 g51.p2
wire g36.p137 g74.p4
wire g31.p115 g15.p18
wire g1.p13 g65.p3
wire g96.p17 g65.p3
wire g36.p109 g64.p2
wire g57.p144 g35.p43
wire g96.p19 g82.p35
wire g3.p88 g87.p8
wire g99.p6 g80.p82
wire g75.p79 g2.p20
wire g70.p68 g10.p3
wire g6.p6 g71.p8
wire g94.p35 g25.p7
wire g44.p55 g27.p4
wire g89.p10 g11.p22
wire g47.p18 g34.p2
wire g50.p69 g21.p13
wire g78.p20 g10.p6
wire g40.p14 g63.p39
wire g26.p36 g5.p21
wire g91.p33 g95.p4
wire g88.p43 g35.p81
wire g68.p25 g34.p2
wire g83.p79 g9.p9
wire g47.p26 g93.p16
wire g50.p62 g65.p7
wire g57.p107 g68.p16
wire g18.p88 g95.p18
wire g46.p32 g100.p2
wire g70.p56 g29.p2
wire g100.p11 g71.p11
wire g84.p49 g97.p7
wire g83.p84 g41.p4
wire g32.p24 g12.p48
wire g46.p46 g53.p47
wire g26.p37 g15.p7
wire g31.p95 g76.p10
wire g33.p23 g39.p7
wire g1.p12 g76.p3
wire g19.p51 g23.p5
wire g72.p7 g69.p10
wire g47.p15 g28.p44
wire g46.p37 g7.p13
wire g44.p50 g52.p29
wire g33.p21 g82.p5
wire g32.p25 g73.p10
wire g82.p42 g25.p4
wire g27.p22 g13.p6
wire g33.p26 g16.p8
wire g21.p30 g48.p2
wire g22.p69 g87.p4
wire g75.p76 g5.p4
wire g63.p90 g65.p6
wire g78.p17 g63.p31
wire g83.p76 g95.p26
wire g91.p32 g6.p2
wire g46.p45 g26.p16
wire g30.p3 g42.p11
wire g31.p181 g80.p78
wire g79.p5 g82.p24
wire g68.p23 g74.p2
wire g92.p21 g73.p5
wire g53.p50 g25.p3
wire g27.p17 g87.p6
wire g18.p97 g1.p8
wire g54.p28 g97.p12
wire g78.p16 g68.p19
wire g72.p9 g47.p7
wire g14.p4 g82.p25
wire g12.p126 g5.p29
wire g72.p9 g26.p17
wire g9.p19 g51.p3
wire g57.p91 g7.p45
wire g79.p3 g77.p15
wire g88.p74 g61.p9
wire g44.p22 g58.p6
wire g33.p25 g21.p15
wire g99.p12 g49.p65
wire g44.p29 g92.p5
wire g32.p21 g65.p10
wire g99.p11 g98.p2
wire g85.p3 g5.p25
wire g3.p70 g34.p2
wire g46.p31 g48.p2
wire g12.p107 g2.p39
wire g99.p14 g71.p26
wire g18.p84 g56.p3
wire g21.p32 g48.p3
wire g83.p106 g87.p6
wire g46.p30 g61.p4
wire g44.p42 g95.p7
wire g57.p94 g45.p10
wire g41.p6 g52.p5
wire g96.p25 g6.p3
wire g79.p4 g75.p40
wire g20.p4 g65.p14
wire g70.p33 g29.p2
wire g43.p7 g86.p4
wire g61.p22 g25.p5
wire g45.p55 g8.p10
wire g5.p58 g93.p39
wire g32.p10 g25.p6
wire g66.p38 g26.p9
wire g75.p89 g58.p7
wire g54.p30 g24.p6
wire g88.p55 g82.p27
wire g91.p32 g88.p5
wire g46.p45 g41.p2
wire g66.p31 g9.p4
wire g44.p44 g35.p25
wire g57.p164 g42.p6
wire g88.p45 g92.p3
wire g33.p20 g62.p12
wire g18.p85 g6.p3
wire g31.p102 g55.p17
wire g12.p154 g25.p13
wire g82.p39 g55.p14
wire g60.p78 g2.p69
wire g20.p5 g87.p6
wire g78.p16 g17.p10
wire g32.p11 g54.p6
wire g75.p65 g2.p2
wire g48.p44 g82.p2
wire g78.p20 g86.p4
wire g38.p151 g65.p3
wire g4.p36 g42.p8
wire g49.p75 g5.p12
wire g57.p147 g79.p2
wire g89.p9 g84.p35
wire g86.p6 g82.p28
wire g78.p18 g86.p5
wire g30.p3 g90.p21
wire g89.p7 g22.p16
wire g64.p3 g8.p53
wire g57.p85 g75.p40
wire g86.p6 g13.p8
wire g18.p82 g83.p18
wire g67.p8 g84.p39
wire g96.p16 g75.p29
wire g46.p42 g83.p43
wire g91.p29 g89.p3
wire g7.p67 g54.p7
wire g56.p16 g7.p28
wire g77.p37 g22.p38
wire g61.p21 g42.p14
wire g76.p14 g10.p6
wire g96.p27 g95.p21
wire g50.p67 g63.p4
wire g67.p3 g73.p5
wire g18.p87 g80.p79
wire g83.p54 g43.p5
wire g12.p136 g2.p35
wire g100.p51 g10.p4
wire g32.p9 g100.p3
wire g94.p31 g45.p8
wire g46.p49 g53.p21
wire g60.p87 g62.p8
wire g96.p16 g88.p17
wire g92.p19 g87.p13
wire g53.p90 g69.p8
wire g89.p9 g15.p8
wire g83.p62 g48.p3
wire g60.p113 g10.p5
wire g89.p9 g73.p26
wire g38.p116 g5.p36
wire g28.p103 g14.p2
wire g99.p11 g9.p2
wire g43.p18 g63.p34
wire g50.p73 g20.p3
wire g80.p91 g25.p6
wire g79.p5 g97.p12
wire g3.p74 g82.p20
wire g46.p52 g25.p12
wire g75.p67 g95.p16
wire g33.p30 g50.p34
wire g98.p22 g97.p12
wire g92.p22 g5.p38
wire g74.p78 g73.p28
wire g57.p165 g7.p4
wire g57.p104 g77.p8
wire g48.p5 g51.p2
wire g72.p10 g6.p3
wire g1.p12 g47.p10
wire g91.p34 g98.p2
wire g26.p21 g59.p2
wire g46.p34 g82.p34
wire g6.p5 g5.p29
wire g32.p22 g85.p2
wire g76.p15 g51.p2
wire g11.p47 g71.p41
wire g72.p11 g54.p2
wire g44.p34 g62.p21
wire g52.p89 g51.p3
wire g18.p88 g8.p2
wire g91.p28 g80.p19
wire g45.p42 g54.p5
wire g32.p23 g90.p11
wire g96.p20 g73.p20
wire g57.p112 g83.p14
wire g98.p7 g15.p26
wire g77.p32 g85.p2
wire g8.p85 g51.p3
wire g96.p28 g33.p7
wire g19.p44 g68.p3
wire g89.p11 g20.p2
wire g96.p16 g2.p69
wire g96.p16 g81.p5
wire g94.p33 g93.p10
wire g22.p57 g82.p19
wire g50.p87 g52.p53
wire g32.p24 g19.p22
wire g64.p3 g8.p39
wire g11.p34 g48.p2
wire g70.p81 g60.p16
wire g96.p18 g28.p24
wire g4.p35 g5.p28
wire g36.p85 g80.p46
wire g79.p4 g72.p3
wire g6.p7 g58.p11
wire g91.p35 g99.p2
wire g19.p47 g14.p2
wire g78.p19 g67.p2
wire g62.p39 g87.p3
wire g72.p10 g87.p13
wire g44.p31 g28.p30
wire g46.p44 g14.p2
wire g57.p88 g64.p2
wire g66.p38 g97.p22
wire g88.p66 g48.p2
wire g91.p35 g73.p13
wire g86.p6 g10.p5
wire g70.p69 g13.p8
wire g84.p69 g41.p2
wire g22.p73 g8.p24
wire g78.p20 g86.p3
wire g68.p24 g51.p2
wire g47.p17 g25.p12
wire g55.p36 g25.p11
wire g75.p66 g25.p2
wire g56.p24 g15.p21
wire g85.p3 g5.p32
wire g35.p84 g87.p20
wire g94.p28 g28.p3
wire g92.p22 g97.p6
wire g44.p66 g54.p6
wire g94.p31 g87.p4
wire g66.p34 g29.p2
wire g41.p6 g25.p3
wire g40.p12 g64.p2
wire g52.p71 g2.p13
wire g1.p12 g90.p17
wire g92.p21 g65.p7
wire g33.p18 g93.p47
wire g88.p82 g40.p8
wire g79.p5 g23.p18
wire g46.p38 g36.p38
wire g44.p32 g42.p4
wire g72.p10 g82.p32
wire g31.p122 g10.p6
wire g46.p45 g69.p6
wire g32.p21 g22.p35
wire g4.p39 g93.p15
wire g41.p6 g19.p21
wire g6.p7 g55.p3
wire g26.p28 g51.p3
wire g91.p33 g97.p15
wire g16.p50 g14.p3
wire g80.p88 g9.p2
wire g30.p3 g38.p37
wire g85.p3 g25.p10
wire g35.p85 g90.p7
wire g46.p41 g58.p11
wire g44.p64 g29.p2
wire g89.p8 g54.p3
wire g67.p4 g80.p63
wire g57.p150 g95.p26
wire g11.p35 g25.p5
wire g77.p41 g14.p3
wire g49.p73 g41.p2
wire g18.p85 g89.p5
wire g11.p50 g93.p44
wire g18.p86 g36.p44
wire g98.p17 g2.p16
wire g44.p30 g26.p19
wire g19.p49 g5.p13
wire g30.p3 g28.p34
wire g22.p74 g9.p9
wire g91.p30 g20.p2
wire g97.p33 g42.p9
wire g91.p32 g47.p6
wire g7.p80 g80.p14
wire g94.p34 g35.p18
wire g20.p5 g65.p20
wire g46.p30 g40.p7
wire g94.p34 g36.p35
wire g79.p5 g65.p11
wire g32.p10 g11.p24
wire g27.p27 g54.p3
wire g68.p25 g40.p10
wire g75.p45 g97.p2
wire g80.p91 g42.p12
wire g96.p23 g36.p53
wire g33.p20 g41.p4
wire g35.p83 g14.p2
wire g99.p11 g97.p12
wire g86.p6 g74.p4
wire g3.p73 g87.p4
wire g44.p25 g39.p5
wire g30.p3 g83.p49
wire g49.p76 g42.p11
wire g85.p3 g82.p16
wire g44.p34 g12.p56
wire g89.p9 g26.p4
wire g7.p82 g25.p8
wire g66.p36 g23.p9
wire g30.p3 g19.p32
wire g62.p64 g93.p56
wire g35.p87 g25.p15
wire g94.p37 g6.p3
wire g43.p14 g54.p5
wire g32.p7 g45.p7
wire g41.p5 g87.p8
wire g49.p96 g82.p25
wire g77.p23 g97.p3
wire g30.p3 g95.p31
wire g33.p21 g8.p11
wire g49.p102 g6.p2
wire g30.p3 g66.p12
wire g21.p30 g25.p3
wire g49.p75 g6.p3
wire g23.p51 g8.p13
wire g30.p3 g73.p12
wire g21.p35 g75.p35
wire g38.p111 g34.p2
wire g69.p66 g59.p2
wire g98.p4 g19.p23
wire g84.p63 g18.p25
wire g50.p98 g95.p13
wire g18.p85 g25.p14
wire g34.p3 g51.p2
wire g88.p56 g36.p40
wire g15.p59 g59.p2
wire g91.p28 g66.p14
wire g24.p80 g93.p29
wire g91.p30 g36.p25
wire g91.p28 g84.p18
wire g44.p30 g33.p17
wire g33.p20 g32.p3
wire g7.p47 g87.p14
wire g21.p31 g43.p5
wire g96.p22 g31.p55
wire g89.p7 g7.p38
wire g58.p16 g5.p7
wire g94.p34 g23.p17
wire g94.p38 g59.p2
wire g76.p19 g87.p7
wire g57.p87 g80.p77
wire g21.p30 g59.p2
wire g35.p86 g2.p54
wire g1.p17 g80.p15
wire g60.p67 g82.p35
wire g96.p17 g76.p10
wire g91.p30 g49.p35
wire g7.p81 g80.p36
wire g3.p80 g45.p20
wire g36.p126 g54.p6
wire g27.p34 g2.p46
wire g7.p80 g15.p20
wire g50.p72 g12.p58
wire g53.p67 g40.p9
wire g36.p136 g51.p2
wire g84.p52 g23.p18
wire g30.p3 g21.p22
wire g90.p84 g51.p2
wire g66.p32 g93.p57
wire g53.p90 g84.p26
wire g62.p47 g73.p12
wire g78.p18 g17.p8
wire g53.p75 g41.p2
wire g99.p8 g62.p10
wire g98.p6 g81.p4
wire g98.p12 g20.p3
wire g92.p20 g22.p6
wire g43.p11 g59.p2
wire g60.p98 g8.p8
wire g35.p85 g65.p9
wire g32.p16 g54.p5
wire g12.p94 g39.p4
wire g99.p9 g9.p8
wire g68.p24 g8.p24
wire g21.p32 g25.p12
wire g44.p38 g42.p13
wire g44.p38 g3.p53
wire g38.p136 g12.p41
wire g27.p19 g58.p2
wire g46.p44 g50.p37
wire g96.p29 g36.p23
wire g44.p24 g27.p12
wire g32.p15 g29.p2
wire g84.p59 g36.p38
wire g20.p5 g41.p4
wire g46.p47 g10.p5
wire g89.p10 g2.p74
wire g61.p14 g25.p2
wire g92.p20 g95.p3
wire g49.p89 g87.p3
wire g57.p148 g14.p3
wire g14.p6 g23.p22
wire g73.p42 g8.p60
wire g1.p15 g99.p2
wire g46.p44 g90.p15
wire g1.p14 g20.p3
wire g89.p10 g93.p24
wire g89.p7 g56.p2
wire g66.p35 g51.p3
wire g37.p22 g63.p45
wire g84.p65 g9.p2
wire g91.p31 g11.p2
wire g92.p24 g6.p4
wire g52.p94 g16.p5
wire g98.p12 g71.p35
wire g86.p6 g16.p16
wire g66.p32 g20.p3
wire g38.p128 g37.p19
wire g49.p74 g70.p24
wire g78.p18 g91.p3
wire g98.p12 g71.p49
wire g33.p20 g25.p14
wire g62.p53 g93.p55
wire g72.p7 g15.p44
wire g85.p3 g2.p64
wire g38.p144 g23.p19
wire g22.p62 g51.p3
wire g81.p35 g100.p3
wire g11.p39 g4.p31
wire g49.p90 g42.p9
wire g94.p28 g96.p6
wire g70.p43 g97.p6
wire g14.p5 g23.p34
wire g44.p33 g19.p20
wire g85.p3 g9.p7
wire g12.p145 g65.p2
wire g98.p14 g73.p12
wire g64.p3 g34.p2
wire g32.p24 g16.p16
wire g96.p22 g80.p18
wire g92.p19 g8.p51
wire g41.p5 g2.p78
wire g67.p5 g95.p11
wire g52.p102 g25.p13
wire g85.p3 g93.p5
wire g49.p98 g48.p3
wire g26.p29 g93.p2
wire g57.p152 g61.p2
wire g44.p30 g6.p3
wire g17.p32 g87.p7
wire g75.p89 g2.p27
wire g67.p3 g86.p5
wire g89.p11 g54.p7
wire g50.p64 g61.p4
wire g91.p31 g25.p3
wire g77.p41 g34.p2
wire g45.p42 g5.p3
wire g47.p17 g10.p5
wire g28.p111 g90.p12
wire g33.p22 g8.p12
wire g18.p89 g34.p2
wire g15.p75 g25.p3
wire g30.p3 g48.p4
wire g84.p55 g55.p3
wire g98.p7 g48.p4
wire g3.p71 g9.p3
wire g83.p102 g20.p2
wire g12.p116 g29.p2
wire g46.p47 g92.p13
wire g68.p24 g35.p34
wire g47.p18 g5.p26
wire g79.p4 g15.p34
wire g53.p67 g42.p8
wire g26.p22 g51.p2
wire g9.p20 g51.p2
wire g53.p78 g63.p17
wire g22.p70 g51.p3
wire g94.p42 g62.p17
wire g78.p18 g14.p3
wire g57.p152 g80.p16
wire g72.p7 g55.p2
wire g95.p53 g54.p2
wire g86.p6 g40.p8
wire g62.p49 g95.p19
wire g70.p33 g15.p20
wire g33.p23 g23.p31
wire g46.p35 g58.p2
wire g60.p72 g90.p10
wire g30.p3 g98.p2
wire g8.p62 g51.p3
wire g96.p28 g3.p14
wire g50.p100 g34.p2
wire g57.p130 g55.p6
wire g72.p10 g60.p22
wire g19.p50 g51.p3
wire g72.p10 g9.p10
wire g64.p3 g54.p2
wire g39.p21 g25.p16
wire g29.p3 g42.p5
wire g43.p14 g42.p12
wire g35.p84 g8.p3
wire g69.p62 g59.p2
wire g86.p6 g15.p11
wire g88.p78 g97.p5
wire g43.p18 g51.p2
wire g66.p38 g97.p20
wire g78.p16 g97.p21
wire g91.p32 g35.p8
wire g70.p81 g7.p21
wire g86.p6 g51.p2
wire g3.p75 g51.p3
wire g56.p21 g51.p3
wire g94.p36 g53.p28
wire g83.p91 g56.p2
wire g98.p4 g12.p29
wire g46.p49 g53.p12
wire g81.p26 g9.p8
wire g38.p101 g97.p6
wire g15.p54 g51.p3
wire g31.p181 g90.p21
wire g22.p71 g82.p36
wire g19.p53 g51.p2
wire g30.p3 g60.p3
wire g11.p37 g48.p4
wire g29.p3 g55.p6
wire g94.p44 g43.p3
wire g99.p3 g54.p8
wire g88.p61 g34.p2
wire g99.p11 g15.p43
wire g83.p85 g43.p5
wire g70.p47 g55.p21
wire g79.p5 g93.p7
wire g56.p10 g65.p9
wire g18.p91 g12.p18
wire g72.p11 g55.p8
wire g66.p38 g20.p3
wire g50.p82 g92.p6
wire g57.p112 g98.p2
wire g44.p55 g13.p13
wire g100.p44 g25.p16
wire g44.p41 g20.p3
wire g84.p56 g54.p2
wire g78.p20 g74.p4
wire g57.p114 g4.p30
wire g57.p161 g99.p2
wire g65.p52 g51.p2
wire g46.p28 g51.p3
wire g94.p37 g40.p9
wire g89.p11 g97.p17
wire g76.p15 g55.p10
wire g66.p33 g48.p2
wire g82.p41 g93.p56
wire g79.p3 g20.p3
wire g70.p66 g8.p7
wire g98.p7 g7.p44
wire g46.p39 g53.p46
wire g89.p8 g5.p6
wire g54.p29 g51.p2
wire g20.p4 g54.p6
wire g70.p86 g9.p4
wire g46.p52 g10.p2
wire g75.p65 g65.p2
wire g92.p24 g81.p16
wire g77.p35 g20.p2
wire g44.p48 g45.p9
wire g26.p33 g45.p19
wire g30.p3 g6.p4
wire g69.p66 g65.p20
wire g38.p120 g63.p32
wire g63.p83 g42.p10
wire g64.p3 g5.p39
wire g35.p84 g34.p2
wire g32.p15 g55.p11
wire g41.p6 g5.p14
wire g31.p174 g20.p3
wire g94.p40 g73.p16
wire g53.p71 g51.p3
wire g24.p56 g9.p11
wire g77.p19 g82.p24
wire g18.p86 g26.p19
wire g33.p23 g55.p11
wire g50.p49 g87.p17
wire g80.p100 g51.p3
wire g43.p20 g93.p52
wire g1.p11 g50.p19
wire g39.p29 g54.p2
wire g18.p87 g6.p4
wire g67.p5 g35.p65
wire g31.p141 g98.p2
wire g78.p16 g10.p4
wire g19.p48 g54.p6
wire g96.p18 g7.p26
wire g56.p8 g58.p9
wire g66.p38 g87.p11
wire g3.p84 g8.p8
wire g36.p84 g8.p46
wire g90.p24 g51.p2
wire g88.p71 g87.p3
wire g33.p23 g6.p2
wire g69.p72 g93.p50
wire g78.p18 g34.p2
wire g50.p79 g95.p29
wire g67.p4 g8.p54
wire g57.p107 g43.p5
wire g92.p19 g2.p93
wire g77.p18 g93.p16
wire g12.p101 g5.p31
wire g66.p32 g85.p2
wire g10.p34 g55.p14
wire g79.p3 g39.p13
wire g20.p4 g8.p31
wire g33.p23 g59.p2
wire g32.p18 g3.p37
wire g75.p76 g54.p4
wire g27.p38 g87.p11
wire g8.p74 g9.p6
wire g3.p70 g51.p3
wire g96.p21 g32.p2
wire g20.p4 g59.p2
wire g88.p73 g8.p8
wire g84.p84 g5.p44
wire g33.p22 g52.p51
wire g48.p44 g8.p40
wire g30.p3 g21.p16
wire g63.p88 g25.p12
wire g19.p50 g9.p5
wire g94.p40 g34.p2
wire g30.p3 g25.p9
wire g77.p18 g71.p44
wire g30.p3 g2.p40
wire g52.p99 g14.p3
wire g44.p26 g67.p2
wire g77.p30 g9.p12
wire g31.p133 g22.p28
wire g96.p24 g32.p2
wire g77.p33 g42.p9
wire g94.p43 g50.p16
wire g57.p79 g62.p12
wire g27.p29 g15.p29
wire g44.p36 g57.p11
wire g67.p3 g13.p8
wire g46.p44 g71.p32
wire g92.p17 g95.p33
wire g1.p12 g51.p2
wire g11.p39 g25.p13
wire g91.p31 g54.p2
wire g29.p3 g55.p14
wire g66.p34 g8.p46
wire g44.p29 g11.p32
wire g27.p32 g25.p8
wire g66.p37 g73.p15
wire g60.p83 g55.p21
wire g94.p38 g38.p31
wire g78.p16 g68.p9
wire g56.p27 g48.p2
wire g92.p17 g51.p2
wire g33.p24 g61.p13
wire g76.p24 g15.p6
wire g57.p87 g8.p34
wire g52.p90 g16.p12
wire g88.p63 g90.p3
wire g33.p18 g9.p11
wire g79.p5 g45.p23
wire g44.p49 g41.p4
wire g92.p18 g26.p13
wire g32.p14 g41.p4
wire g67.p5 g59.p2
wire g66.p38 g22.p8
wire g68.p24 g14.p3
wire g72.p10 g83.p20
wire g71.p81 g55.p10
wire g86.p6 g74.p7
wire g99.p7 g90.p15
wire g77.p43 g7.p23
wire g79.p4 g7.p7
wire g48.p37 g51.p2
wire g78.p16 g9.p8
wire g92.p21 g82.p12
wire g66.p36 g9.p3
wire g96.p16 g50.p16
wire g11.p46 g7.p31
wire g98.p4 g51.p3
wire g35.p83 g2.p50
wire g76.p24 g9.p10
wire g84.p86 g26.p7
wire g92.p17 g100.p3
wire g27.p17 g45.p14
wire g47.p21 g51.p3
wire g89.p10 g85.p2
wire g66.p37 g73.p27
wire g46.p52 g94.p17
wire g92.p20 g10.p2
wire g73.p38 g42.p7
wire g84.p57 g51.p2
wire g30.p3 g69.p9
wire g44.p64 g27.p11
wire g44.p26 g42.p5
wire g75.p44 g59.p2
wire g79.p5 g48.p2
wire g74.p65 g22.p23
wire g33.p30 g7.p44
wire g30.p3 g19.p33
wire g27.p16 g51.p3
wire g70.p47 g54.p3
wire g30.p3 g51.p3
wire g27.p16 g43.p5
wire g96.p22 g34.p2
wire g88.p70 g14.p2
wire g99.p10 g12.p23
wire g24.p50 g97.p20
wire g94.p29 g42.p3
wire g77.p37 g55.p22
wire g47.p15 g25.p9
wire g67.p5 g27.p9
wire g30.p3 g62.p13
wire g83.p110 g15.p11
wire g91.p35 g27.p14
wire g6.p6 g9.p12
wire g41.p5 g54.p7
wire g19.p45 g5.p35
wire g67.p3 g61.p6
wire g72.p7 g47.p13
wire g7.p49 g51.p3
wire g67.p8 g11.p33
wire g57.p144 g16.p10
wire g44.p50 g65.p15
wire g44.p32 g5.p12
wire g7.p86 g9.p8
wire g76.p11 g71.p7
wire g14.p5 g23.p38
wire g38.p152 g87.p15
wire g96.p16 g5.p44
wire g96.p18 g5.p15
wire g4.p38 g25.p12
wire g30.p3 g42.p5
wire g49.p89 g7.p42
wire g3.p85 g42.p2
wire g29.p3 g55.p23
wire g70.p74 g25.p6
wire g29.p3 g42.p6
wire g49.p70 g87.p14
wire g69.p61 g5.p31
wire g24.p55 g93.p31
wire g47.p19 g29.p2
wire g86.p6 g25.p3
wire g44.p51 g21.p4
wire g33.p19 g9.p12
wire g53.p64 g41.p2
wire g1.p11 g99.p2
wire g2.p110 g25.p16
wire g77.p31 g27.p14
wire g49.p73 g25.p13
wire g66.p38 g29.p2
wire g18.p84 g42.p11
wire g94.p38 g93.p21
wire g44.p33 g20.p2
wire g48.p40 g9.p2
wire g33.p25 g82.p24
wire g49.p74 g5.p19
wire g31.p146 g55.p14
wire g60.p122 g8.p32
wire g96.p19 g43.p4
wire g79.p4 g31.p38
wire g82.p38 g23.p26
wire g72.p10 g95.p3
wire g44.p60 g38.p71
wire g37.p24 g97.p15
wire g94.p28 g41.p2
wire g100.p51 g65.p18
wire g54.p36 g51.p2
wire g63.p71 g54.p2
wire g62.p62 g55.p3
wire g19.p45 g15.p49
wire g2.p98 g34.p2
wire g75.p69 g54.p7
wire g79.p4 g91.p22
wire g100.p53 g59.p2
wire g33.p22 g8.p59
wire g89.p8 g50.p12
wire g1.p11 g77.p15
wire g53.p62 g7.p8
wire g94.p40 g84.p24
wire g88.p43 g48.p3
wire g63.p102 g10.p2
wire g86.p6 g61.p7
wire g33.p20 g64.p2
wire g3.p72 g25.p7
wire g20.p5 g8.p15
wire g73.p35 g8.p24
wire g1.p13 g56.p3
wire g33.p27 g43.p4
wire g46.p33 g55.p8
wire g30.p3 g66.p6
wire g5.p65 g25.p3
wire g92.p22 g26.p18
wire g44.p32 g41.p4
wire g31.p120 g55.p4
wire g1.p13 g47.p2
wire g91.p33 g54.p4
wire g79.p4 g3.p30
wire g99.p3 g47.p9
wire g66.p36 g26.p17
wire g92.p24 g25.p6
wire g48.p50 g34.p2
wire g46.p35 g53.p41
wire g28.p78 g93.p48
wire g39.p32 g34.p2
wire g92.p22 g95.p23
wire g30.p3 g54.p3
wire g6.p7 g42.p11
wire g57.p143 g32.p2
wire g31.p96 g56.p2
wire g75.p78 g63.p20
wire g92.p24 g65.p3
wire g44.p66 g81.p21
wire g69.p57 g97.p21
wire g83.p82 g34.p2
wire g68.p24 g51.p3
wire g89.p10 g87.p4
wire g2.p104 g34.p2
wire g30.p3 g75.p14
wire g38.p106 g54.p4
wire g99.p7 g12.p6
wire g2.p131 g25.p9
wire g30.p3 g25.p13
wire g46.p49 g30.p2
wire g33.p19 g97.p11
wire g19.p49 g87.p20
wire g2.p114 g34.p2
wire g89.p10 g42.p12
wire g99.p6 g29.p2
wire g57.p89 g62.p2
wire g35.p84 g42.p7
wire g79.p4 g69.p35
wire g91.p32 g15.p24
wire g89.p7 g40.p3
wire g44.p31 g81.p22
wire g46.p49 g80.p27
wire g28.p75 g82.p32
wire g7.p92 g55.p3
wire g21.p37 g8.p28
wire g31.p159 g45.p4
wire g38.p136 g60.p30
wire g96.p20 g90.p10
wire g44.p41 g100.p2
wire g67.p3 g54.p8
wire g79.p5 g35.p34
wire g89.p7 g12.p39
wire g2.p100 g93.p43
wire g66.p38 g51.p3
wire g11.p51 g59.p2
wire g27.p38 g42.p9
wire g44.p47 g25.p10
wire g76.p23 g54.p7
wire g53.p65 g5.p40
wire g21.p35 g51.p2
wire g79.p5 g35.p42
wire g19.p44 g8.p40
wire g20.p4 g42.p6
wire g57.p162 g37.p18
wire g12.p140 g8.p7
wire g70.p72 g82.p15
wire g57.p85 g64.p2
wire g96.p21 g100.p2
wire g88.p48 g48.p4
wire g92.p17 g23.p7
wire g33.p24 g92.p6
wire g70.p75 g55.p5
wire g86.p6 g22.p50
wire g31.p101 g83.p16
wire g62.p51 g51.p2
wire g70.p61 g25.p7
wire g76.p22 g87.p6
wire g96.p22 g7.p19
wire g8.p66 g87.p20
wire g72.p9 g85.p2
wire g39.p29 g34.p2
wire g35.p84 g23.p36
wire g36.p92 g54.p5
wire g31.p149 g23.p34
wire g92.p24 g81.p6
wire g1.p13 g8.p48
wire g30.p3 g69.p35
wire g54.p23 g25.p12
wire g44.p42 g94.p14
wire g19.p46 g9.p7
wire g75.p45 g65.p17
wire g99.p8 g54.p7
wire g88.p62 g66.p19
wire g92.p22 g93.p40
wire g1.p13 g60.p45
wire g66.p31 g45.p14
wire g72.p10 g74.p2
wire g68.p24 g55.p2
wire g13.p27 g93.p52
wire g6.p5 g9.p8
wire g53.p83 g97.p21
wire g56.p12 g8.p22
wire g49.p82 g13.p6
wire g66.p36 g6.p3
wire g49.p94 g51.p2
wire g78.p18 g61.p4
wire g49.p78 g15.p11
wire g74.p66 g34.p2
wire g98.p17 g65.p3
wire g31.p149 g61.p12
wire g33.p29 g82.p26
wire g99.p3 g47.p6
wire g22.p68 g29.p2
wire g57.p125 g86.p3
wire g70.p47 g34.p2
wire g56.p22 g15.p28
wire g72.p11 g23.p19
wire g33.p22 g69.p20
wire g89.p11 g70.p15
wire g11.p41 g2.p22
wire g86.p6 g9.p5
wire g53.p71 g34.p2
wire g31.p99 g98.p2
wire g72.p10 g65.p19
wire g71.p108 g55.p19
wire g16.p28 g73.p21
wire g50.p98 g42.p11
wire g29.p3 g42.p13
wire g96.p27 g54.p8
wire g89.p11 g6.p4
wire g46.p43 g83.p7
wire g92.p24 g61.p11
wire g99.p10 g77.p9
wire g72.p8 g55.p4
wire g18.p98 g93.p47
wire g68.p23 g32.p4
wire g53.p70 g5.p37
wire g94.p35 g54.p3
wire g91.p28 g16.p15
wire g36.p123 g59.p2
wire g94.p32 g2.p39
wire g38.p147 g65.p2
wire g52.p111 g7.p18
wire g94.p45 g82.p3
wire g56.p24 g25.p9
wire g12.p88 g54.p8
wire g79.p3 g87.p4
wire g67.p5 g51.p2
wire g81.p42 g100.p3
wire g19.p49 g9.p6
wire g79.p3 g97.p4
wire g53.p77 g51.p3
wire g4.p39 g42.p14
wire g72.p10 g10.p3
wire g89.p9 g40.p10
wire g31.p177 g42.p7
wire g85.p3 g54.p4
wire g19.p44 g9.p12
wire g5.p46 g25.p16
wire g26.p26 g97.p12
wire g22.p66 g23.p30
wire g26.p38 g55.p23
wire g46.p48 g85.p2
wire g35.p83 g14.p3
wire g68.p24 g8.p53
wire g57.p80 g25.p7
wire g31.p135 g59.p2
wire g66.p37 g48.p4
wire g48.p24 g5.p24
wire g67.p5 g16.p19
wire g66.p34 g22.p7
wire g81.p35 g26.p19
wire g79.p3 g78.p5
wire g89.p10 g77.p13
wire g31.p118 g53.p47
wire g23.p55 g9.p2
wire g91.p34 g97.p20
wire g79.p5 g55.p13
wire g1.p11 g8.p46
wire g61.p18 g87.p16
wire g54.p24 g42.p6
wire g18.p92 g51.p3
wire g89.p10 g65.p13
wire g79.p3 g29.p2
wire g31.p120 g4.p30
wire g30.p3 g81.p16
wire g37.p21 g42.p7
wire g47.p21 g10.p3
wire g96.p25 g69.p8
wire g11.p46 g10.p3
wire g77.p22 g87.p12
wire g33.p23 g61.p2
wire g36.p112 g34.p2
wire g52.p84 g93.p33
wire g50.p57 g8.p27
wire g77.p26 g59.p2
wire g30.p3 g2.p20
wire g72.p9 g14.p3
wire g1.p15 g54.p8
wire g32.p20 g42.p12
wire g75.p51 g54.p2
wire g33.p22 g59.p2
wire g80.p91 g8.p11
wire g17.p21 g51.p2
wire g1.p14 g80.p36
wire g33.p21 g8.p8
wire g72.p11 g36.p43
wire g94.p33 g100.p3
wire g35.p83 g61.p8
wire g94.p43 g43.p5
wire g72.p7 g61.p11
wire g77.p22 g51.p3
wire g36.p124 g34.p2
wire g30.p3 g97.p9
wire g10.p15 g51.p3
wire g97.p42 g51.p2
wire g41.p5 g5.p19
wire g75.p78 g43.p4
wire g96.p25 g10.p2
wire g83.p106 g51.p3
wire g56.p14 g55.p11
wire g96.p29 g82.p7
wire g91.p31 g16.p5
wire g41.p6 g25.p15
wire g98.p21 g23.p26
wire g47.p25 g55.p3
wire g44.p66 g57.p12
wire g86.p6 g73.p27
wire g1.p13 g42.p12
wire g68.p23 g51.p3
wire g21.p33 g59.p2
wire g79.p3 g40.p7
wire g11.p41 g15.p44
wire g66.p37 g8.p49
wire g18.p95 g100.p2
wire g78.p19 g9.p9
wire g33.p18 g2.p28
wire g49.p76 g54.p7
wire g89.p9 g7.p40
wire g69.p49 g51.p2
wire g49.p79 g13.p12
wire g34.p5 g51.p2
wire g1.p15 g9.p3
wire g99.p6 g76.p3
wire g91.p35 g74.p3
wire g16.p27 g8.p57
wire g49.p82 g48.p3
wire g72.p9 g42.p12
wire g22.p60 g23.p41
wire g76.p22 g62.p32
wire g37.p21 g8.p51
wire g17.p22 g34.p2
wire g52.p90 g16.p5
wire g69.p80 g95.p31
wire g88.p73 g29.p2
wire g78.p20 g14.p3
wire g47.p24 g9.p11
wire g79.p5 g40.p5
wire g62.p40 g87.p9
wire g46.p41 g97.p11
wire g78.p16 g68.p22
wire g30.p3 g88.p37
wire g94.p38 g93.p62
wire g83.p50 g42.p3
wire g38.p151 g23.p46
wire g82.p40 g51.p3
wire g68.p23 g10.p4
wire g86.p6 g42.p3
wire g79.p5 g30.p2
wire g96.p22 g81.p25
wire g20.p4 g8.p33
wire g46.p47 g4.p33
wire g94.p29 g93.p26
wire g39.p14 g97.p17
wire g43.p8 g93.p52
wire g89.p11 g100.p2
wire g30.p3 g76.p4
wire g11.p47 g9.p9
wire g33.p25 g36.p71
wire g96.p30 g87.p18
wire g3.p83 g8.p29
wire g46.p47 g6.p4
wire g91.p31 g42.p13
wire g28.p88 g9.p11
wire g15.p52 g42.p2
wire g70.p64 g8.p42
wire g16.p37 g9.p8
wire g39.p26 g5.p20
wire g1.p17 g98.p2
wire g57.p108 g97.p4
wire g94.p44 g64.p2
wire g44.p18 g18.p74
wire g44.p26 g29.p2
wire g72.p8 g85.p2
wire g19.p52 g82.p29
wire g83.p104 g10.p5
wire g44.p28 g89.p3
wire g67.p8 g27.p11
wire g36.p113 g59.p2
wire g30.p3 g82.p4
wire g79.p4 g34.p2
wire g91.p30 g82.p29
wire g67.p7 g42.p10
wire g58.p14 g42.p13
wire g48.p30 g42.p6
wire g86.p6 g35.p79
wire g30.p3 g63.p44
wire g4.p39 g25.p5
wire g94.p39 g54.p4
wire g91.p35 g82.p27
wire g100.p38 g59.p2
wire g57.p128 g23.p43
wire g45.p44 g51.p2
wire g92.p17 g19.p36
wire g88.p65 g59.p2
wire g31.p175 g83.p7
wire g84.p78 g6.p2
wire g23.p51 g51.p3
wire g86.p6 g16.p8
wire g33.p25 g93.p49
wire g53.p90 g25.p13
wire g92.p21 g23.p24
wire g24.p70 g95.p14
wire g33.p25 g7.p18
wire g11.p39 g12.p17
wire g96.p29 g61.p8
wire g52.p106 g93.p29
wire g78.p19 g8.p26
wire g79.p3 g54.p3
wire g66.p33 g100.p3
wire g78.p18 g71.p17
wire g48.p22 g42.p12
wire g44.p23 g69.p29
wire g36.p104 g97.p2
wire g33.p29 g59.p2
wire g30.p3 g59.p2
wire g79.p5 g23.p2
wire g77.p35 g83.p46
wire g50.p95 g65.p4
wire g96.p23 g36.p18
wire g96.p23 g41.p3
wire g78.p20 g23.p8
wire g79.p5 g87.p3
wire g14.p5 g8.p58
wire g77.p23 g90.p2
wire g33.p23 g10.p6
wire g38.p114 g97.p3
wire g6.p7 g97.p22
wire g78.p18 g42.p10
wire g44.p30 g3.p40
wire g37.p24 g51.p2
wire g47.p19 g5.p3
wire g21.p37 g9.p7
wire g19.p46 g2.p60
wire g44.p47 g25.p15
wire g91.p31 g71.p49
wire g1.p12 g50.p18
wire g82.p39 g87.p12
wire g7.p69 g93.p7
wire g14.p4 g8.p14
wire g46.p46 g95.p11
wire g84.p83 g36.p10
wire g69.p65 g55.p16
wire g49.p70 g13.p14
wire g57.p110 g67.p2
wire g58.p16 g93.p60
wire g84.p50 g90.p10
wire g69.p53 g55.p18
wire g33.p28 g66.p26
wire g79.p3 g95.p24
wire g72.p8 g35.p12
wire g8.p67 g51.p2
wire g57.p114 g58.p4
wire g78.p16 g68.p8
wire g49.p71 g9.p8
wire g79.p3 g15.p38
wire g19.p52 g8.p35
wire g96.p20 g65.p3
wire g49.p88 g70.p25
wire g85.p3 g51.p2
wire g46.p36 g65.p3
wire g11.p36 g87.p13
wire g89.p10 g26.p17
wire g85.p3 g51.p3
wire g66.p32 g65.p15
wire g94.p28 g100.p2
wire g46.p40 g16.p14
wire g6.p7 g51.p2
wire g67.p7 g19.p8
wire g52.p75 g66.p29
wire g99.p4 g25.p15
wire g28.p106 g42.p9
wire g58.p19 g54.p7
wire g44.p46 g50.p42
wire g77.p43 g59.p2
wire g13.p30 g51.p2
wire g48.p32 g42.p10
wire g44.p45 g13.p9
wire g88.p81 g48.p4
wire g38.p104 g12.p74
wire g79.p5 g80.p86
wire g18.p91 g42.p14
wire g46.p50 g34.p2
wire g3.p77 g54.p6
wire g77.p32 g76.p6
wire g28.p76 g34.p2
wire g49.p101 g23.p14
wire g69.p70 g25.p3
wire g31.p168 g76.p10
wire g88.p50 g62.p10
wire g38.p142 g55.p18
wire g46.p31 g63.p49
wire g69.p57 g25.p15
wire g94.p37 g92.p12
wire g46.p34 g20.p2
wire g88.p78 g4.p28
wire g28.p105 g9.p4
wire g88.p83 g55.p7
wire g22.p68 g42.p4
wire g58.p20 g42.p6
wire g33.p20 g100.p3
wire g81.p28 g42.p11
wire g81.p30 g8.p15
wire g44.p57 g28.p13
wire g83.p84 g54.p5
wire g83.p106 g65.p18
wire g30.p3 g73.p21
wire g28.p71 g90.p17
wire g67.p6 g13.p8
wire g56.p23 g95.p10
wire g70.p74 g51.p2
wire g26.p36 g97.p23
wire g65.p27 g54.p4
wire g1.p15 g8.p20
wire g57.p108 g7.p8
wire g67.p6 g16.p19
wire g79.p4 g67.p2
wire g91.p31 g25.p11
wire g36.p117 g34.p2
wire g18.p82 g55.p10
wire g2.p119 g93.p21
wire g46.p43 g54.p6
wire g79.p5 g41.p4
wire g48.p18 g25.p13
wire g32.p10 g63.p8
wire g84.p52 g51.p3
wire g58.p18 g54.p7
wire g30.p3 g7.p44
wire g26.p27 g59.p2
wire g49.p72 g93.p9
wire g39.p15 g15.p43
wire g61.p15 g25.p2
wire g88.p65 g19.p17
wire g30.p3 g51.p2
wire g78.p20 g2.p43
wire g92.p19 g69.p26
wire g57.p101 g27.p4
wire g33.p21 g64.p2
wire g72.p8 g69.p37
wire g21.p38 g95.p4
wire g78.p18 g25.p3
wire g99.p7 g51.p3
wire g79.p4 g8.p48
wire g89.p10 g2.p42
wire g83.p55 g54.p2
wire g44.p45 g48.p3
wire g3.p83 g73.p22
wire g91.p35 g9.p2
wire g86.p6 g15.p7
wire g41.p6 g51.p3
wire g49.p69 g5.p18
wire g79.p3 g9.p11
wire g50.p59 g8.p13
wire g77.p36 g15.p10
wire g46.p49 g32.p6
wire g92.p19 g51.p2
wire g49.p85 g41.p3
wire g72.p10 g51.p3
wire g3.p73 g82.p10
wire g3.p71 g23.p10
wire g1.p15 g85.p2
wire g48.p34 g93.p32
wire g23.p52 g8.p46
wire g4.p40 g54.p6
wire g91.p31 g80.p25
wire g77.p28 g83.p9
wire g46.p44 g71.p3
wire g72.p10 g69.p9
wire g38.p123 g95.p30
wire g67.p6 g27.p8
wire g46.p45 g6.p3
wire g79.p3 g32.p3
wire g35.p87 g42.p7
wire g44.p60 g27.p7
wire g67.p8 g93.p13
wire g44.p55 g73.p9
wire g20.p5 g59.p2
wire g17.p21 g13.p10
wire g30.p3 g48.p3
wire g17.p23 g51.p2
wire g18.p91 g24.p19
wire g96.p29 g84.p9
wire g57.p145 g28.p42
wire g28.p111 g9.p8
wire g88.p48 g92.p6
wire g3.p83 g87.p19
wire g33.p30 g69.p19
wire g79.p5 g78.p8
wire g44.p59 g28.p18
wire g46.p34 g65.p9
wire g65.p39 g54.p3
wire g30.p3 g83.p46
wire g28.p109 g93.p25
wire g57.p104 g30.p2
wire g64.p3 g5.p11
wire g56.p22 g65.p7
wire g78.p18 g82.p21
wire g57.p138 g64.p2
wire g14.p5 g61.p12
wire g44.p21 g61.p3
wire g78.p17 g2.p24
wire g49.p98 g82.p32
wire g31.p101 g85.p2
wire g44.p38 g37.p10
wire g94.p31 g62.p24
wire g72.p11 g8.p50
wire g80.p102 g42.p10
wire g1.p17 g60.p11
wire g53.p67 g87.p18
wire g53.p67 g40.p7
wire g4.p39 g51.p3
wire g70.p50 g10.p5
wire g32.p25 g34.p2
wire g12.p159 g10.p3
wire g72.p10 g85.p2
wire g72.p10 g76.p7
wire g84.p77 g65.p14
wire g88.p50 g90.p22
wire g79.p5 g31.p55
wire g99.p13 g9.p9
wire g78.p17 g35.p13
wire g86.p6 g9.p8
wire g57.p147 g97.p8
wire g46.p33 g5.p7
wire g6.p6 g42.p4
wire g11.p37 g55.p7
wire g82.p41 g93.p20
wire g83.p101 g25.p16
wire g33.p22 g69.p42
wire g94.p37 g50.p4
wire g57.p111 g12.p41
wire g96.p30 g55.p5
wire g79.p5 g53.p31
wire g74.p51 g2.p22
wire g83.p107 g42.p3
wire g31.p93 g98.p2
wire g57.p109 g61.p7
wire g96.p15 g25.p13
wire g72.p7 g61.p7
wire g74.p20 g34.p2
wire g32.p9 g82.p16
wire g92.p20 g8.p25
wire g21.p33 g63.p41
wire g70.p52 g8.p4
wire g88.p45 g19.p39
wire g21.p39 g48.p3
wire g79.p3 g63.p4
wire g94.p29 g10.p3
wire g11.p47 g86.p5
wire g13.p28 g25.p11
wire g79.p4 g31.p88
wire g17.p14 g13.p7
wire g69.p79 g2.p57
wire g77.p28 g59.p2
wire g89.p7 g95.p18
wire g77.p42 g42.p8
wire g30.p3 g9.p7
wire g27.p25 g2.p57
wire g44.p50 g2.p3
wire g94.p29 g100.p2
wire g60.p48 g42.p10
wire g43.p12 g54.p3
wire g79.p5 g40.p10
wire g60.p99 g42.p14
wire g14.p4 g73.p10
wire g46.p33 g83.p45
wire g3.p74 g2.p85
wire g70.p35 g34.p2
wire g3.p84 g42.p13
wire g88.p85 g20.p2
wire g36.p131 g65.p19
wire g81.p49 g59.p2
wire g6.p6 g34.p2
wire g44.p64 g10.p4
wire g44.p49 g52.p54
wire g14.p5 g61.p7
wire g52.p100 g34.p2
wire g82.p43 g51.p3
wire g81.p52 g5.p16
wire g91.p29 g19.p8
wire g96.p23 g50.p7
wire g39.p14 g25.p12
wire g72.p11 g55.p14
wire g12.p92 g8.p51
wire g72.p10 g56.p4
wire g61.p17 g23.p42
wire g74.p65 g93.p18
wire g83.p97 g8.p28
wire g33.p21 g66.p12
wire g18.p83 g97.p23
wire g99.p14 g4.p4
wire g35.p86 g87.p4
wire g17.p27 g9.p3
wire g75.p84 g2.p89
wire g98.p15 g71.p39
wire g2.p106 g87.p16
wire g70.p77 g7.p32
wire g86.p6 g13.p6
wire g46.p50 g51.p3
wire g3.p89 g8.p37
wire g18.p84 g54.p8
wire g18.p91 g55.p14
wire g57.p99 g69.p21
wire g91.p29 g34.p2
wire g57.p93 g7.p27
wire g89.p10 g59.p2
wire g57.p94 g93.p9
wire g66.p34 g2.p83
wire g57.p116 g86.p3
wire g6.p5 g65.p15
wire g1.p11 g25.p3
wire g18.p83 g59.p2
wire g7.p95 g8.p40
wire g64.p3 g42.p5
wire g57.p133 g67.p2
wire g94.p39 g50.p24
wire g72.p7 g19.p43
wire g49.p81 g48.p4
wire g27.p38 g87.p3
wire g16.p21 g87.p5
wire g36.p114 g8.p11
wire g56.p21 g55.p7
wire g46.p41 g19.p35
wire g64.p3 g97.p14
wire g48.p72 g87.p12
wire g45.p53 g42.p6
wire g88.p84 g54.p3
wire g94.p28 g63.p31
wire g44.p41 g13.p14
wire g30.p3 g73.p28
wire g15.p69 g42.p12
wire g31.p152 g9.p4
wire g79.p4 g47.p9
wire g79.p4 g35.p30
wire g57.p153 g60.p12
wire g86.p6 g9.p9
wire g89.p9 g100.p3
wire g21.p39 g95.p18
wire g33.p28 g66.p16
wire g72.p11 g36.p25
wire g58.p15 g25.p4
wire g83.p74 g15.p8
wire g16.p50 g87.p3
wire g97.p45 g93.p9
wire g88.p70 g2.p2
wire g64.p3 g93.p38
wire g33.p26 g24.p4
wire g38.p150 g63.p47
wire g99.p14 g80.p45
wire g30.p3 g23.p13
wire g21.p33 g8.p20
wire g20.p4 g42.p11
wire g44.p29 g69.p2
wire g90.p58 g9.p7
wire g31.p179 g90.p12
wire g28.p93 g23.p14
wire g86.p6 g55.p7
wire g79.p4 g25.p7
wire g78.p16 g54.p2
wire g31.p180 g59.p2
wire g87.p48 g9.p6
wire g83.p57 g25.p13
wire g19.p50 g9.p4
wire g32.p11 g87.p12
wire g52.p82 g7.p16
wire g44.p55 g36.p21
wire g1.p14 g88.p28
wire g99.p10 g76.p5
wire g44.p29 g18.p53
wire g78.p17 g23.p14
wire g84.p86 g2.p3
wire g46.p34 g54.p8
wire g96.p21 g50.p11
wire g3.p80 g8.p27
wire g49.p72 g4.p10
wire g30.p3 g56.p2
wire g46.p45 g63.p34
wire g44.p20 g16.p12
wire g52.p102 g66.p30
wire g69.p82 g93.p47
wire g74.p27 g73.p16
wire g100.p33 g51.p3
wire g44.p62 g27.p14
wire g24.p25 g51.p2
wire g28.p87 g23.p6
wire g74.p77 g34.p2
wire g35.p86 g54.p2
wire g53.p53 g25.p4
wire g89.p8 g54.p5
wire g49.p76 g55.p8
wire g91.p32 g9.p10
wire g41.p5 g9.p3
wire g47.p26 g56.p2
wire g14.p4 g87.p3
wire g18.p93 g54.p2
wire g33.p24 g24.p12
wire g76.p21 g85.p2
wire g1.p12 g62.p33
wire g74.p34 g80.p73
wire g92.p24 g73.p20
wire g31.p123 g23.p45
wire g89.p7 g45.p26
wire g20.p5 g5.p44
wire g44.p66 g96.p4
wire g77.p40 g90.p18
wire g70.p61 g12.p26
wire g78.p17 g55.p23
wire g22.p75 g87.p6
wire g96.p29 g73.p13
wire g75.p66 g54.p3
wire g60.p98 g25.p13
wire g66.p35 g73.p27
wire g39.p33 g5.p18
wire g72.p7 g71.p44
wire g57.p135 g89.p5
wire g44.p43 g66.p7
wire g49.p78 g13.p3
wire g31.p101 g25.p2
wire g78.p19 g29.p2
wire g30.p3 g20.p2
wire g68.p24 g35.p40
wire g33.p18 g100.p3
wire g38.p133 g25.p11
wire g33.p26 g32.p4
wire g57.p124 g32.p3
wire g72.p9 g10.p3
wire g83.p95 g25.p11
wire g1.p13 g99.p2
wire g33.p18 g24.p12
wire g82.p40 g9.p4
wire g99.p4 g95.p29
wire g30.p3 g65.p15
wire g79.p4 g4.p11
wire g35.p83 g87.p13
wire g31.p168 g82.p19
wire g77.p29 g10.p4
wire g52.p93 g49.p19
wire g79.p4 g47.p8
wire g3.p79 g8.p24
wire g78.p16 g34.p2
wire g73.p36 g9.p3
wire g98.p15 g8.p44
wire g33.p26 g34.p2
wire g93.p65 g51.p2
wire g18.p95 g26.p15
wire g21.p34 g58.p7
wire g72.p7 g48.p2
wire g67.p7 g14.p3
wire g86.p6 g9.p4
wire g41.p6 g9.p9
wire g18.p89 g87.p19
wire g96.p28 g95.p23
wire g57.p133 g27.p3
wire g56.p14 g25.p15
wire g11.p50 g42.p3
wire g1.p17 g5.p44
wire g96.p17 g62.p26
wire g49.p85 g87.p19
wire g94.p35 g82.p20
wire g21.p37 g5.p9
wire g31.p111 g14.p2
wire g33.p27 g92.p14
wire g33.p24 g87.p15
wire g18.p97 g41.p2
wire g55.p29 g51.p2
wire g38.p116 g54.p3
wire g52.p74 g49.p55
wire g58.p18 g5.p38
wire g99.p9 g9.p5
wire g91.p35 g74.p2
wire g19.p47 g2.p30
wire g52.p87 g8.p31
wire g27.p30 g97.p6
wire g57.p85 g96.p7
wire g30.p3 g45.p20
wire g69.p69 g54.p8
wire g44.p53 g61.p6
wire g3.p74 g73.p6
wire g43.p15 g95.p31
wire g1.p17 g76.p6
wire g38.p104 g73.p21
wire g40.p17 g10.p2
wire g46.p47 g80.p73
wire g91.p28 g59.p2
wire g83.p89 g15.p25
wire g41.p5 g25.p5
wire g96.p29 g54.p4
wire g98.p10 g95.p2
wire g79.p5 g56.p4
wire g28.p77 g55.p20
wire g96.p21 g65.p9
wire g79.p3 g94.p6
wire g57.p155 g34.p2
wire g1.p13 g45.p8
wire g38.p109 g9.p8
wire g35.p85 g93.p41
wire g44.p59 g87.p16
wire g12.p129 g42.p7
wire g48.p66 g65.p18
wire g35.p87 g82.p2
wire g44.p21 g67.p2
wire g46.p48 g50.p35
wire g12.p105 g8.p10
wire g28.p88 g63.p41
wire g100.p30 g25.p8
wire g99.p8 g85.p2
wire g79.p4 g42.p9
wire g20.p4 g54.p3
wire g44.p54 g14.p2
wire g84.p74 g9.p7
wire g89.p7 g15.p21
wire g78.p20 g16.p17
wire g57.p83 g8.p31
wire g78.p16 g97.p6
wire g33.p29 g65.p14
wire g11.p41 g54.p3
wire g39.p33 g97.p13
wire g14.p5 g8.p5
wire g44.p54 g73.p8
wire g71.p99 g51.p2
wire g81.p55 g59.p2
wire g4.p38 g54.p8
wire g30.p3 g45.p3
wire g68.p24 g63.p49
wire g18.p96 g42.p11
wire g96.p20 g97.p20
wire g91.p28 g87.p12
wire g57.p113 g45.p8
wire g81.p49 g5.p38
wire g72.p8 g98.p2
wire g70.p59 g13.p12
wire g46.p38 g14.p3
wire g75.p70 g59.p2
wire g80.p90 g51.p2
wire g57.p108 g54.p8
wire g57.p145 g65.p7
wire g65.p31 g25.p16
wire g30.p3 g58.p10
wire g72.p8 g27.p12
wire g99.p12 g5.p12
wire g31.p148 g20.p2
wire g7.p81 g25.p7
wire g57.p102 g37.p18
wire g11.p52 g2.p17
wire g86.p6 g2.p24
wire g57.p111 g28.p55
wire g46.p45 g95.p30
wire g62.p35 g25.p15
wire g7.p61 g25.p6
wire g84.p54 g87.p3
wire g83.p83 g25.p12
wire g67.p6 g42.p8
wire g99.p12 g83.p23
wire g31.p143 g85.p2
wire g39.p26 g42.p10
wire g78.p18 g91.p11
wire g98.p18 g87.p9
wire g91.p34 g14.p2
wire g5.p75 g51.p3
wire g72.p10 g55.p6
wire g89.p8 g10.p6
wire g41.p6 g54.p3
wire g81.p38 g93.p5
wire g75.p88 g9.p6
wire g56.p23 g15.p35
wire g32.p22 g54.p6
wire g47.p19 g40.p5
wire g46.p40 g14.p3
wire g88.p42 g42.p13
wire g18.p90 g34.p2
wire g79.p5 g72.p4
wire g44.p18 g67.p2
wire g90.p62 g87.p3
wire g91.p33 g55.p7
wire g92.p24 g93.p11
wire g46.p29 g16.p15
wire g96.p20 g69.p7
wire g8.p79 g9.p5
wire g79.p5 g43.p3
wire g68.p24 g22.p47
wire g79.p3 g19.p35
wire g41.p6 g2.p54
wire g33.p25 g3.p64
wire g77.p28 g9.p10
wire g79.p5 g65.p16
wire g44.p55 g62.p15
wire g40.p18 g80.p15
wire g72.p7 g60.p24
wire g46.p50 g7.p36
wire g33.p21 g100.p3
wire g6.p5 g10.p5
wire g67.p6 g23.p42
wire g1.p14 g62.p8
wire g83.p71 g5.p42
wire g18.p97 g5.p39
wire g88.p56 g55.p20
wire g89.p7 g95.p4
wire g4.p36 g71.p54
wire g78.p19 g35.p47
wire g78.p20 g32.p4
wire g91.p30 g23.p47
wire g31.p141 g80.p67
wire g89.p9 g50.p18
wire g88.p81 g55.p14
wire g79.p5 g64.p2
wire g49.p86 g8.p43
wire g57.p131 g65.p14
wire g46.p51 g73.p26
wire g74.p24 g82.p14
wire g100.p37 g54.p8
wire g67.p5 g82.p11
wire g44.p48 g17.p7
wire g46.p50 g24.p12
wire g86.p6 g93.p20
wire g22.p72 g87.p9
wire g84.p72 g41.p3
wire g94.p42 g53.p32
wire g21.p31 g39.p7
wire g18.p88 g6.p4
wire g79.p4 g55.p5
wire g46.p51 g95.p17
wire g98.p5 g10.p5
wire g88.p83 g51.p3
wire g53.p83 g8.p17
wire g21.p33 g63.p11
wire g78.p20 g59.p2
wire g32.p21 g55.p17
wire g79.p5 g59.p2
wire g89.p8 g55.p17
wire g86.p6 g34.p2
wire g23.p61 g87.p18
wire g83.p93 g55.p15
wire g46.p37 g95.p25
wire g46.p28 g14.p2
wire g96.p15 g65.p4
wire g31.p180 g98.p2
wire g31.p139 g61.p13
wire g96.p19 g45.p19
wire g46.p45 g76.p5
wire g28.p88 g5.p3
wire g88.p86 g8.p51
wire g57.p132 g23.p44
wire g35.p83 g9.p12
wire g28.p65 g73.p12
wire g89.p11 g59.p2
wire g81.p34 g93.p44
wire g79.p5 g69.p23
wire g33.p25 g93.p8
wire g47.p19 g15.p3
wire g46.p39 g84.p4
wire g67.p5 g22.p21
wire g1.p11 g9.p11
wire g31.p158 g56.p2
wire g8.p70 g87.p14
wire g27.p31 g25.p6
wire g79.p3 g88.p36
wire g76.p20 g95.p3
wire g71.p92 g51.p3
wire g99.p5 g42.p12
wire g50.p89 g95.p19
wire g3.p78 g87.p11
wire g7.p93 g9.p8
wire g44.p50 g45.p28
wire g88.p70 g51.p2
wire g67.p5 g25.p2
wire g20.p5 g65.p19
wire g33.p24 g49.p10
wire g34.p5 g25.p11
wire g33.p26 g66.p9
wire g47.p16 g55.p22
wire g79.p3 g32.p5
wire g90.p56 g51.p2
wire g57.p103 g54.p5
wire g31.p180 g61.p5
wire g84.p61 g65.p12
wire g52.p115 g87.p3
wire g67.p3 g61.p7
wire g66.p31 g8.p41
wire g99.p10 g40.p5
wire g31.p122 g15.p24
wire g72.p8 g82.p6
wire g60.p88 g8.p20
wire g5.p73 g25.p16
wire g44.p29 g73.p2
wire g26.p37 g93.p6
wire g68.p25 g23.p30
wire g43.p9 g51.p3
wire g74.p48 g40.p7
wire g49.p88 g14.p2
wire g50.p93 g65.p14
wire g66.p35 g34.p2
wire g2.p127 g34.p2
wire g3.p76 g20.p2
wire g99.p11 g42.p8
wire g1.p15 g51.p3
wire g35.p83 g34.p2
wire g39.p23 g54.p7
wire g11.p35 g86.p3
wire g35.p84 g42.p13
wire g94.p37 g9.p5
wire g19.p45 g87.p3
wire g21.p40 g63.p20
wire g79.p3 g71.p40
wire g84.p67 g26.p18
wire g46.p35 g73.p27
wire g68.p25 g9.p6
wire g88.p47 g8.p38
wire g74.p32 g23.p37
wire g67.p8 g22.p32
wire g72.p7 g82.p37
wire g79.p4 g22.p43
wire g46.p40 g24.p16
wire g24.p64 g93.p12
wire g46.p35 g61.p5
wire g22.p72 g8.p59
wire g78.p16 g14.p3
wire g14.p5 g23.p24
wire g31.p113 g10.p6
wire g33.p20 g54.p2
wire g81.p46 g59.p2
wire g83.p72 g55.p10
wire g38.p115 g10.p3
wire g18.p97 g90.p14
wire g79.p4 g5.p8
wire g60.p105 g51.p3
wire g44.p65 g97.p19
wire g72.p9 g51.p2
wire g63.p99 g54.p5
wire g21.p31 g34.p2
wire g31.p122 g4.p33
wire g67.p3 g2.p22
wire g57.p142 g19.p19
wire g89.p7 g90.p10
wire g85.p3 g8.p38
wire g41.p6 g87.p5
wire g70.p42 g42.p11
wire g19.p44 g73.p12
wire g91.p29 g40.p5
wire g28.p114 g73.p4
wire g52.p118 g49.p58
wire g76.p19 g90.p5
wire g22.p56 g23.p37
wire g98.p6 g42.p9
wire g31.p129 g40.p10
wire g90.p77 g25.p15
wire g43.p6 g97.p23
wire g43.p15 g59.p2
wire g88.p55 g20.p3
wire g44.p18 g84.p8
wire g44.p60 g7.p11
wire g27.p32 g59.p2
wire g44.p19 g29.p2
wire g1.p11 g56.p4
wire g79.p4 g23.p13
wire g32.p19 g63.p13
wire g77.p43 g8.p45
wire g89.p10 g25.p7
wire g41.p6 g51.p2
wire g21.p30 g42.p8
wire g99.p6 g25.p12
wire g47.p26 g5.p29
wire g37.p26 g54.p5
wire g74.p43 g93.p3
wire g3.p77 g9.p11
wire g36.p133 g10.p4
wire g84.p85 g51.p2
wire g88.p73 g76.p10
wire g62.p38 g8.p16
wire g44.p37 g53.p46
wire g44.p60 g51.p3
wire g72.p9 g9.p3
wire g1.p12 g4.p4
wire g99.p9 g80.p60
wire g79.p3 g7.p45
wire g21.p37 g7.p36
wire g98.p11 g87.p8
wire g79.p4 g60.p12
wire g64.p3 g93.p6
wire g58.p23 g5.p40
wire g70.p38 g9.p3
wire g79.p4 g24.p7
wire g21.p30 g34.p2
wire g88.p42 g55.p12
wire g74.p10 g80.p51
wire g1.p14 g95.p24
wire g99.p12 g36.p31
wire g96.p21 g50.p16
wire g92.p17 g5.p29
wire g77.p19 g5.p32
wire g94.p45 g69.p8
wire g84.p68 g93.p39
wire g50.p81 g25.p16
wire g6.p7 g34.p2
wire g19.p51 g54.p8
wire g46.p51 g24.p8
wire g60.p60 g87.p20
wire g46.p31 g73.p13
wire g19.p45 g54.p8
wire g68.p25 g55.p7
wire g47.p18 g80.p42
wire g44.p36 g35.p55
wire g91.p28 g27.p10
wire g16.p23 g14.p2
wire g45.p38 g42.p10
wire g76.p20 g87.p20
wire g77.p32 g76.p4
wire g81.p28 g93.p27
wire g79.p3 g16.p11
wire g56.p15 g5.p23
wire g84.p60 g9.p3
wire g20.p5 g87.p10
wire g44.p26 g60.p44
wire g91.p28 g8.p6
wire g46.p38 g59.p2
wire g91.p34 g74.p5
wire g47.p18 g25.p6
wire g64.p3 g63.p22
wire g28.p104 g34.p2
wire g74.p59 g82.p6
wire g33.p20 g3.p64
wire g10.p18 g55.p11
wire g21.p32 g12.p12
wire g68.p24 g9.p10
wire g46.p48 g65.p17
wire g31.p136 g20.p2
wire g92.p20 g81.p6
wire g70.p38 g2.p72
wire g49.p77 g16.p16
wire g53.p68 g25.p12
wire g62.p51 g42.p10
wire g38.p126 g43.p2
wire g44.p19 g68.p9
wire g79.p4 g30.p2
wire g91.p35 g74.p7
wire g57.p168 g48.p2
wire g18.p82 g55.p7
wire g78.p17 g2.p46
wire g31.p134 g65.p16
wire g11.p36 g42.p5
wire g62.p55 g51.p2
wire g44.p33 g41.p3
wire g31.p110 g80.p79
wire g37.p23 g51.p3
wire g91.p36 g22.p4
wire g74.p47 g87.p15
wire g2.p137 g87.p14
wire g53.p55 g36.p58
wire g28.p115 g5.p44
wire g18.p82 g6.p2
wire g33.p22 g16.p3
wire g45.p64 g25.p16
wire g68.p23 g82.p16
wire g96.p19 g10.p3
wire g68.p23 g2.p46
wire g55.p25 g51.p3
wire g31.p127 g45.p18
wire g99.p10 g4.p28
wire g68.p23 g8.p16
wire g66.p36 g34.p2
wire g49.p99 g9.p5
wire g77.p25 g4.p5
wire g61.p16 g8.p22
wire g90.p34 g42.p9
wire g26.p23 g5.p27
wire g21.p35 g87.p13
wire g63.p54 g51.p3
wire g99.p3 g42.p10
wire g18.p92 g10.p3
wire g36.p136 g25.p15
wire g1.p16 g55.p20
wire g67.p6 g93.p17
wire g33.p30 g8.p14
wire g1.p12 g5.p41
wire g38.p108 g43.p5
wire g89.p9 g95.p4
wire g37.p20 g73.p7
wire g94.p34 g55.p7
wire g92.p23 g73.p28
wire g61.p22 g87.p7
wire g98.p15 g65.p5
wire g19.p51 g87.p7
wire g65.p27 g51.p2
wire g84.p63 g9.p12
wire g89.p8 g56.p4
wire g49.p72 g73.p30
wire g57.p94 g35.p82
wire g57.p127 g58.p7
wire g42.p15 g51.p3
wire g81.p35 g25.p12
wire g92.p21 g5.p13
wire g53.p49 g63.p8
wire g91.p35 g29.p2
wire g38.p130 g43.p2
wire g89.p7 g20.p3
wire g44.p43 g93.p25
wire g44.p50 g82.p14
wire g39.p21 g8.p60
wire g89.p8 g50.p5
wire g32.p25 g82.p23
wire g94.p44 g7.p31
wire g50.p79 g59.p2
wire g35.p84 g51.p2
wire g41.p6 g9.p7
wire g49.p99 g7.p4
wire g32.p15 g42.p12
wire g38.p144 g2.p5
wire g30.p3 g23.p42
wire g59.p12 g25.p2
wire g72.p10 g23.p24
wire g88.p80 g90.p5
wire g72.p10 g8.p52
wire g79.p5 g40.p7
wire g44.p52 g36.p60
wire g49.p98 g2.p79
wire g96.p23 g55.p23
wire g46.p41 g100.p3
wire g76.p18 g15.p6
wire g44.p46 g13.p4
wire g31.p141 g62.p14
wire g75.p57 g34.p2
wire g74.p57 g87.p2
wire g30.p3 g93.p35
wire g77.p26 g9.p11
wire g94.p39 g51.p2
wire g57.p90 g48.p3
wire g79.p4 g77.p7
wire g72.p9 g95.p13
wire g27.p38 g9.p6
wire g57.p152 g29.p2
wire g72.p10 g22.p36
wire g78.p17 g74.p3
wire g78.p16 g23.p12
wire g96.p17 g25.p6
wire g49.p92 g61.p7
wire g39.p27 g15.p32
wire g17.p31 g34.p2
wire g74.p21 g80.p32
wire g72.p10 g34.p2
wire g3.p77 g73.p15
wire g27.p20 g54.p6
wire g18.p85 g93.p17
wire g33.p23 g26.p2
wire g46.p46 g32.p6
wire g78.p20 g68.p17
wire g98.p20 g59.p2
wire g64.p3 g65.p10
wire g18.p88 g36.p37
wire g89.p10 g93.p53
wire g4.p37 g51.p3
wire g100.p56 g8.p17
wire g61.p14 g23.p19
wire g11.p45 g12.p20
wire g49.p82 g73.p3
wire g18.p98 g15.p27
wire g63.p67 g42.p8
wire g84.p82 g25.p11
wire g1.p16 g76.p5
wire g41.p6 g65.p5
wire g92.p21 g87.p19
wire g91.p36 g19.p38
wire g76.p22 g95.p18
wire g84.p56 g28.p32
wire g56.p14 g55.p22
wire g57.p117 g22.p24
wire g90.p27 g51.p2
wire g83.p79 g10.p5
wire g84.p76 g90.p14
wire g44.p22 g9.p9
wire g72.p9 g55.p4
wire g21.p37 g65.p7
wire g56.p6 g25.p8
wire g28.p74 g25.p7
wire g69.p90 g87.p12
wire g27.p36 g34.p2
wire g83.p68 g90.p22
wire g83.p55 g55.p10
wire g88.p76 g54.p2
wire g22.p60 g8.p27
wire g1.p16 g85.p2
wire g81.p32 g42.p11
wire g46.p32 g53.p38
wire g53.p75 g54.p2
wire g46.p48 g80.p16
wire g60.p124 g55.p2
wire g18.p89 g15.p5
wire g79.p5 g7.p39
wire g35.p85 g51.p3
wire g79.p3 g31.p77
wire g37.p23 g54.p5
wire g33.p30 g50.p28
wire g45.p39 g42.p13
wire g18.p92 g15.p12
wire g21.p38 g58.p7
wire g41.p6 g9.p4
wire g94.p34 g69.p22
wire g36.p138 g55.p21
wire g52.p74 g16.p7
wire g84.p77 g100.p2
wire g3.p85 g82.p7
wire g19.p52 g8.p50
wire g31.p175 g76.p4
wire g78.p18 g95.p8
wire g91.p28 g54.p8
wire g28.p111 g51.p2
wire g88.p59 g10.p2
wire g44.p46 g64.p2
wire g32.p11 g8.p3
wire g98.p20 g25.p9
wire g63.p81 g54.p2
wire g95.p43 g42.p6
wire g57.p114 g62.p4
wire g83.p91 g10.p6
wire g69.p74 g2.p87
wire g21.p40 g25.p10
wire g22.p58 g29.p2
wire g89.p9 g48.p2
wire g88.p57 g45.p26
wire g91.p36 g61.p10
wire g57.p139 g87.p17
wire g36.p122 g42.p12
wire g99.p12 g59.p2
wire g18.p88 g24.p3
wire g85.p3 g25.p5
wire g46.p33 g85.p2
wire g57.p145 g62.p2
wire g1.p16 g55.p19
wire g12.p134 g9.p2
wire g69.p74 g87.p3
wire g85.p3 g42.p3
wire g33.p30 g62.p4
wire g69.p73 g54.p4
wire g35.p87 g93.p55
wire g89.p9 g90.p2
wire g99.p5 g15.p24
wire g98.p22 g51.p2
wire g79.p3 g8.p5
wire g74.p39 g73.p7
wire g82.p43 g23.p43
wire g67.p5 g35.p81
wire g32.p20 g42.p11
wire g99.p6 g5.p20
wire g31.p116 g71.p9
wire g38.p151 g73.p8
wire g92.p21 g20.p3
wire g97.p33 g51.p3
wire g78.p16 g80.p23
wire g3.p78 g65.p8
wire g57.p82 g50.p42
wire g75.p52 g43.p5
wire g8.p77 g51.p2
wire g91.p33 g40.p8
wire g72.p11 g23.p26
wire g69.p56 g42.p2
wire g91.p29 g95.p7
wire g58.p16 g54.p4
wire g94.p41 g82.p16
wire g91.p31 g80.p43
wire g73.p46 g23.p30
wire g64.p3 g54.p7
wire g96.p25 g51.p3
wire g79.p3 g51.p3
wire g60.p81 g8.p45
wire g18.p94 g54.p6
wire g50.p47 g42.p2
wire g46.p35 g41.p2
wire g79.p3 g30.p2
wire g64.p3 g93.p10
wire g81.p39 g93.p26
wire g91.p33 g29.p2
wire g19.p47 g8.p9
wire g96.p20 g82.p5
wire g94.p42 g32.p2
wire g46.p52 g100.p2
wire g46.p29 g34.p2
wire g84.p72 g97.p19
wire g100.p17 g97.p2
wire g100.p10 g42.p10
wire g57.p146 g68.p3
wire g88.p69 g54.p3
wire g21.p33 g87.p7
wire g77.p21 g15.p10
wire g44.p36 g58.p6
wire g25.p23 g51.p2
wire g94.p32 g34.p2
wire g79.p3 g96.p11
wire g13.p32 g25.p4
wire g11.p36 g9.p2
wire g94.p40 g61.p4
wire g57.p140 g58.p3
wire g96.p25 g25.p13
wire g49.p96 g51.p2
wire g91.p34 g19.p20
wire g94.p44 g54.p8
wire g96.p30 g50.p6
wire g44.p29 g96.p13
wire g57.p141 g86.p3
wire g47.p25 g90.p9
wire g74.p49 g73.p6
wire g62.p34 g42.p2
wire g94.p41 g87.p3
wire g67.p3 g34.p2
wire g49.p83 g93.p6
wire g41.p6 g8.p39
wire g24.p74 g42.p11
wire g22.p71 g9.p4
wire g89.p7 g5.p12
wire g41.p5 g2.p41
wire g18.p90 g70.p17
wire g7.p71 g9.p9
wire g38.p150 g73.p22
wire g68.p23 g22.p25
wire g16.p23 g87.p19
wire g94.p36 g23.p39
wire g46.p49 g100.p2
wire g88.p63 g4.p20
wire g44.p18 g28.p17
wire g57.p146 g24.p3
wire g26.p32 g93.p40
wire g53.p76 g51.p2
wire g70.p42 g93.p55
wire g91.p29 g14.p3
wire g50.p50 g87.p12
wire g11.p46 g27.p2
wire g27.p26 g2.p38
wire g81.p32 g54.p2
wire g75.p68 g58.p6
wire g27.p24 g25.p8
wire g72.p11 g15.p14
wire g1.p16 g99.p2
wire g33.p20 g5.p31
wire g26.p20 g5.p29
wire g18.p95 g12.p10
wire g57.p136 g8.p28
wire g1.p11 g45.p29
wire g35.p85 g54.p8
wire g96.p18 g5.p27
wire g16.p39 g14.p3
wire g21.p38 g42.p2
wire g59.p10 g42.p5
wire g66.p34 g93.p61
wire g18.p90 g9.p5
wire g64.p3 g97.p23
wire g48.p25 g54.p7
wire g72.p8 g65.p10
wire g96.p24 g28.p22
wire g21.p34 g63.p29
wire g18.p87 g54.p6
wire g81.p57 g9.p9
wire g33.p20 g8.p6
wire g46.p40 g32.p4
wire g57.p141 g95.p25
wire g92.p22 g82.p10
wire g91.p34 g55.p3
wire g89.p8 g86.p2
wire g5.p63 g25.p8
wire g66.p35 g8.p9
wire g44.p59 g60.p28
wire g79.p4 g77.p6
wire g46.p34 g28.p42
wire g44.p65 g89.p6
wire g84.p84 g10.p6
wire g91.p30 g34.p2
wire g91.p33 g34.p2
wire g89.p9 g65.p9
wire g43.p21 g87.p12
wire g3.p85 g82.p20
wire g57.p94 g29.p2
wire g47.p15 g55.p21
wire g21.p30 g12.p57
wire g44.p37 g5.p22
wire g67.p5 g22.p9
wire g41.p6 g7.p32
wire g96.p23 g20.p3
wire g46.p28 g14.p3
wire g33.p19 g51.p3
wire g21.p39 g43.p3
wire g21.p31 g5.p27
wire g78.p19 g73.p21
wire g31.p173 g29.p2
wire g100.p31 g93.p53
wire g31.p156 g15.p38
wire g38.p117 g9.p6
wire g30.p3 g82.p33
wire g44.p22 g73.p17
wire g99.p7 g85.p2
wire g56.p14 g15.p12
wire g78.p19 g91.p4
wire g78.p18 g68.p21
wire g11.p42 g55.p7
wire g52.p122 g25.p5
wire g100.p12 g87.p20
wire g31.p96 g9.p2
wire g72.p11 g85.p2
wire g92.p21 g62.p25
wire g21.p31 g5.p25
wire g76.p20 g55.p19
wire g84.p56 g59.p2
wire g33.p29 g97.p16
wire g44.p46 g17.p7
wire g44.p43 g27.p12
wire g50.p86 g5.p28
wire g58.p19 g42.p4
wire g100.p53 g97.p23
wire g32.p15 g87.p17
wire g47.p24 g51.p2
wire g70.p49 g87.p16
wire g46.p41 g7.p42
wire g5.p49 g51.p3
wire g94.p43 g23.p25
wire g11.p39 g10.p4
wire g96.p29 g87.p4
wire g46.p38 g90.p19
wire g72.p9 g58.p2
wire g21.p38 g82.p7
wire g23.p50 g87.p2
wire g31.p151 g76.p5
wire g72.p9 g24.p19
wire g88.p44 g98.p2
wire g73.p64 g8.p30
wire g96.p24 g23.p28
wire g30.p3 g90.p5
wire g44.p47 g15.p47
wire g81.p41 g26.p11
wire g89.p10 g48.p2
wire g2.p137 g51.p2
wire g48.p76 g54.p6
wire g94.p35 g42.p14
wire g68.p23 g32.p5
wire g85.p3 g25.p12
wire g38.p123 g7.p15
wire g17.p33 g93.p61
wire g33.p25 g25.p12
wire g94.p32 g95.p27
wire g36.p129 g8.p49
wire g72.p11 g54.p8
wire g79.p3 g98.p2
wire g44.p53 g68.p19
wire g57.p134 g17.p9
wire g43.p13 g95.p27
wire g21.p34 g43.p3
wire g68.p24 g29.p2
wire g76.p24 g71.p24
wire g28.p116 g34.p2
wire g74.p67 g80.p21
wire g41.p6 g2.p75
wire g44.p37 g3.p33
wire g69.p74 g10.p2
wire g30.p3 g65.p9
wire g43.p13 g95.p2
wire g21.p34 g39.p6
wire g79.p3 g36.p9
wire g79.p4 g10.p5
wire g46.p51 g83.p44
wire g45.p51 g25.p4
wire g46.p32 g82.p12
wire g72.p8 g2.p23
wire g52.p105 g49.p23
wire g3.p85 g25.p16
wire g89.p8 g29.p2
wire g77.p25 g25.p5
wire g81.p49 g26.p11
wire g67.p7 g95.p6
wire g79.p4 g94.p13
wire g26.p34 g25.p11
wire g94.p28 g97.p4
wire g79.p3 g93.p10
wire g30.p3 g97.p13
wire g68.p23 g29.p2
wire g19.p45 g87.p15
wire g81.p37 g54.p4
wire g31.p131 g63.p9
wire g79.p5 g35.p33
wire g18.p90 g48.p3
wire g76.p22 g10.p2
wire g57.p112 g97.p20
wire g99.p6 g20.p3
wire g36.p138 g54.p4
wire g44.p37 g56.p5
wire g28.p107 g54.p2
wire g18.p85 g24.p18
wire g94.p33 g61.p3
wire g26.p33 g51.p3
wire g1.p11 g95.p12
wire g46.p37 g90.p5
wire g38.p143 g37.p4
wire g44.p53 g23.p40
wire g77.p42 g55.p12
wire g92.p24 g59.p2
wire g19.p53 g54.p5
wire g33.p28 g49.p6
wire g96.p22 g61.p9
wire g70.p80 g54.p3
wire g38.p136 g51.p3
wire g79.p3 g88.p19
wire g21.p38 g8.p48
wire g84.p85 g25.p11
wire g18.p94 g56.p3
wire g3.p76 g65.p18
wire g68.p23 g14.p2
wire g84.p54 g55.p2
wire g35.p87 g42.p8
wire g1.p17 g95.p8
wire g94.p33 g34.p2
wire g72.p7 g76.p4
wire g44.p49 g64.p2
wire g14.p4 g61.p5
wire g84.p68 g36.p60
wire g53.p90 g90.p8
wire g96.p17 g45.p29
wire g69.p69 g95.p20
wire g39.p23 g51.p2
wire g46.p44 g9.p2
wire g81.p48 g26.p8
wire g57.p84 g82.p37
wire g79.p5 g51.p3
wire g33.p22 g58.p10
wire g79.p5 g90.p14
wire g45.p59 g5.p3
wire g16.p27 g87.p5
wire g35.p86 g2.p94
wire g83.p103 g55.p3
wire g1.p14 g98.p2
wire g57.p156 g32.p4
wire g58.p24 g65.p12
wire g72.p10 g2.p41
wire g46.p31 g14.p2
wire g32.p25 g42.p10
wire g91.p36 g74.p7
wire g53.p58 g10.p2
wire g46.p44 g10.p5
wire g79.p4 g53.p47
wire g36.p115 g87.p19
wire g89.p10 g11.p15
wire g18.p90 g12.p39
wire g75.p56 g25.p7
wire g38.p152 g87.p20
wire g3.p88 g54.p2
wire g1.p11 g36.p13
wire g58.p21 g51.p2
wire g57.p151 g42.p10
wire g84.p84 g2.p74
wire g44.p33 g89.p5
wire g88.p50 g62.p32
wire g30.p3 g55.p2
wire g76.p20 g25.p3
wire g66.p37 g34.p2
wire g39.p20 g34.p2
wire g72.p8 g62.p3
wire g79.p3 g96.p4
wire g57.p133 g19.p20
wire g18.p98 g90.p18
wire g31.p115 g98.p2
wire g35.p86 g23.p46
wire g79.p4 g55.p2
wire g41.p5 g7.p25
wire g89.p7 g87.p17
wire g46.p52 g94.p14
wire g50.p89 g65.p16
wire g70.p82 g10.p3
wire g94.p33 g73.p6
wire g91.p34 g51.p3
wire g45.p58 g42.p3
wire g89.p7 g15.p26
wire g27.p22 g54.p8
wire g56.p18 g10.p2
wire g78.p17 g91.p21
wire g66.p33 g49.p50
wire g37.p26 g42.p8
wire g86.p6 g8.p2
wire g46.p29 g50.p4
wire g23.p57 g8.p15
wire g100.p52 g42.p8
wire g19.p53 g73.p14
wire g72.p11 g55.p22
wire g43.p20 g51.p2
wire g91.p31 g16.p16
wire g68.p24 g34.p2
wire g78.p20 g55.p17
wire g98.p16 g5.p20
wire g31.p121 g73.p27
wire g38.p137 g23.p35
wire g20.p5 g51.p2
wire g53.p71 g95.p15
wire g94.p34 g25.p5
wire g94.p36 g28.p21
wire g66.p38 g25.p10
wire g26.p37 g5.p10
wire g50.p96 g54.p3
wire g17.p17 g93.p10
wire g49.p91 g23.p32
wire g45.p55 g25.p15
wire g57.p113 g35.p75
wire g67.p4 g16.p5
wire g66.p35 g49.p55
wire g33.p25 g32.p3
wire g72.p9 g27.p4
wire g66.p34 g23.p41
wire g31.p170 g9.p12
wire g85.p3 g54.p2
wire g46.p35 g76.p8
wire g65.p48 g25.p8
wire g68.p25 g93.p25
wire g67.p6 g59.p2
wire g32.p17 g82.p13
wire g53.p53 g10.p5
wire g1.p15 g76.p3
wire g32.p12 g25.p13
wire g7.p90 g25.p8
wire g56.p30 g51.p3
wire g57.p162 g32.p4
wire g76.p15 g54.p7
wire g88.p82 g15.p27
wire g96.p24 g2.p24
wire g44.p58 g43.p4
wire g64.p3 g25.p13
wire g38.p158 g23.p6
wire g33.p29 g26.p5
wire g14.p5 g51.p3
wire g44.p62 g52.p62
